357
10
100
547
1498
13
305
1203
2212
2369
2721
2986
175
277
734
743
1053
1170
1197
1649
1656
1913
2910
2990
3042
3447
187
417
435
507
889
902
1191
1223
1426
1718
2062
2965
3111
16
26
29
32
50
84
102
104
118
143
183
188
209
233
237
271
291
306
319
321
340
347
484
539
594
640
748
762
768
867
898
916
927
941
954
1065
1070
1185
1213
1287
1307
1469
1502
1589
1741
1819
1850
1965
1980
2011
2081
2157
2168
2173
2280
2299
2365
2505
2533
2542
2569
2709
2902
2966
3067
3132
3379
3490
3636
1
19
22
27
28
38
46
53
61
64
72
74
95
107
123
132
133
140
141
146
147
156
159
162
163
177
178
182
186
190
216
235
240
246
247
251
253
255
258
259
267
268
273
286
295
300
314
316
330
332
333
334
345
346
354
356
362
368
371
372
374
380
383
384
387
390
392
399
407
423
426
434
452
458
464
466
470
474
493
495
498
505
515
528
536
540
541
558
560
570
577
587
593
609
614
615
631
645
655
669
675
699
704
737
759
786
788
790
802
843
845
853
858
882
886
894
895
901
909
912
913
920
966
995
1003
1017
1024
1028
1043
1047
1122
1123
1124
1126
1131
1151
1153
1176
1183
1198
1205
1251
1269
1282
1291
1314
1333
1348
1355
1371
1396
1404
1486
1517
1522
1540
1575
1576
1587
1590
1606
1623
1632
1633
1659
1670
1676
1696
1708
1726
1733
1774
1777
1778
1790
1794
1812
1813
1854
1864
1887
1915
1916
1921
1929
1946
1953
1954
1989
2005
2023
2028
2087
2092
2127
2130
2189
2257
2263
2291
2347
2354
2357
2359
2374
2394
2441
2442
2455
2465
2476
2508
2524
2541
2572
2574
2599
2625
2639
2662
2679
2719
2748
2812
2814
2827
2857
2873
2876
2883
2904
2944
3026
3088
3109
3150
3186
3194
3211
3214
3227
3240
3274
3286
3293
3299
3307
3387
3408
3464
3513
3557
3572
3648
3694
