1
4 0 1 2 0
2
3 1 2 0
3
3 3 4 5
4
3 6 4 5
5
3 0 7 8
6
3 0 4 5
7
3 9 10 0
8
3 11 12 13
9
5 14 0 0 0 12
10
6 7 15 16 17 18 19
11
3 5 20 21
12
2 7 8
13
5 22 23 5 24 25
14
4 26 27 28 29
15
4 1 30 31 32
16
3 33 34 21
17
3 35 34 21
18
2 34 21
19
3 36 37 38
20
3 6 34 21
21
3 39 40 39
22
3 12 41 42
23
3 43 34 21
24
3 34 21 44
25
3 43 9 45
26
3 39 46 47
27
2 48 32
28
1 49
29
3 50 51 52
30
4 50 51 52 53
31
4 11 37 54 55
32
2 56 57
33
4 36 50 51 52
34
1 57
35
2 58 57
36
2 59 57
37
2 7 60
38
4 6 0 62 63
39
2 6 31
40
2 0 31
41
2 0 60
42
2 64 60
43
1 31
44
2 14 60
45
1 60
46
2 6 65
47
2 66 65
48
2 33 60
49
2 6 60
50
2 67 60
51
4 3 68 33 69
52
3 68 33 69
53
4 70 71 23 23
54
2 72 60
55
1 11
56
2 44 11
57
2 73 11
58
5 6 70 71 23 23
59
3 36 73 11
60
2 74 52
61
3 75 73 76
62
3 20 77 54
63
3 78 79 78
64
3 78 80 78
65
4 6 81 45 82
66
3 6 41 82
67
3 81 45 82
68
3 31 83 84
69
3 44 41 82
70
3 85 41 82
71
3 6 31 83
72
2 6 86
73
2 36 86
74
3 87 88 87
75
1 86
76
3 87 89 87
77
2 90 86
78
2 76 91
79
5 3 3 92 11 93
80
3 44 76 91
81
5 44 9 94 27 51
82
5 43 9 94 27 51
83
3 90 76 91
84
3 44 95 96
85
5 22 9 94 27 51
86
2 97 76
87
5 98 9 94 27 51
88
5 36 9 94 27 51
89
5 15 9 94 27 51
90
3 7 17 99
91
3 43 17 99
92
2 17 99
93
5 9 10 36 0 44
94
3 100 101 63
95
4 7 59 102 92
96
3 68 17 99
97
3 36 0 44
98
4 36 0 44 3
99
5 103 73 104 17 99
100
6 34 78 105 54 106 74
101
3 6 17 99
102
4 3 107 61 108
103
4 39 109 31 101
104
2 110 111
105
3 112 17 99
106
5 113 39 109 31 101
107
2 44 114
108
3 22 77 54
109
2 115 28
110
2 77 54
111
2 116 23
112
2 115 117
113
3 116 23 43
114
1 74
115
2 98 74
116
3 36 40 0
117
2 118 74
118
3 36 119 120
119
4 36 119 120 28
120
3 113 40 0
121
2 56 121
122
3 37 54 122
123
2 7 123
124
1 123
125
2 64 123
126
3 12 69 69
127
4 90 12 69 69
128
2 114 120
129
2 22 124
130
4 66 12 69 69
131
4 125 94 73 122
132
3 125 126 127
133
1 128
134
2 129 23
135
3 0 130 91
136
2 64 131
137
2 132 121
138
3 78 11 22
139
5 7 133 134 129 23
140
3 7 135 52
141
1 136
142
4 135 52 137 23
143
3 129 23 138
144
3 135 52 93
145
3 139 129 23
146
3 14 127 140
147
2 141 142
148
2 135 52
149
3 135 52 122
150
1 138
151
2 143 87
152
3 143 87 3
153
3 143 87 43
154
3 125 143 87
155
4 1 129 23 3
156
3 33 36 144
157
4 125 145 146 51
158
3 90 147 148
159
2 74 149
160
2 147 148
161
2 36 144
162
2 150 52
163
1 151
164
3 87 80 87
165
3 87 152 87
166
3 87 153 87
167
3 125 147 148
168
3 44 154 155
169
3 156 157 158
170
3 43 154 155
171
2 159 10
172
3 135 52 112
173
3 135 52 28
174
3 0 62 63
175
5 14 145 103 73 148
176
3 44 44 158
177
3 79 160 161
178
4 59 161 162 84
179
5 59 34 73 162 74
180
4 34 73 162 74
181
5 6 34 73 162 74
182
2 163 31
183
2 164 124
184
3 44 73 165
185
2 73 165
186
1 166
187
6 103 73 104 94 73 122
188
3 113 73 165
189
3 14 73 165
190
2 30 167
191
2 78 121
192
3 7 59 121
193
3 6 168 127
194
5 6 169 170 45 82
195
4 105 54 106 123
196
2 59 121
197
3 54 102 92
198
4 54 27 171 89
199
3 6 102 92
200
2 98 11
201
3 64 59 11
202
2 36 11
203
2 11 93
204
2 81 11
205
4 43 54 27 171
206
3 43 102 92
207
5 59 54 27 171 89
208
2 59 11
209
2 172 173
210
2 6 102
211
4 7 17 126 127
212
2 0 102
213
2 56 102
214
3 3 174 54
215
1 114
216
2 175 93
217
2 161 162
218
4 64 59 102 92
219
3 40 0 91
220
3 58 175 93
221
5 6 34 176 177 155
222
2 118 178
223
4 54 179 9 10
224
2 44 142
225
1 142
226
2 74 142
227
3 180 26 44
228
3 66 26 44
229
2 26 44
230
3 26 44 158
231
3 7 26 44
232
4 7 176 177 155
233
5 181 82 103 73 182
234
5 4 4 4 103 158
235
5 183 183 39 97 97
236
3 137 179 179
237
3 58 117 184
238
6 58 4 4 4 103 158
239
4 113 181 82 185
240
5 7 103 73 186 0
241
5 81 103 73 186 0
242
4 103 73 186 0
243
5 59 103 73 186 0
244
4 7 187 179 188
245
5 6 0 0 0 44
246
4 185 125 189 0
247
3 44 190 16
248
2 190 16
249
3 7 39 54
250
3 139 74 63
251
2 64 191
252
3 36 74 63
253
1 192
254
3 59 74 63
255
4 193 94 194 16
256
4 66 94 194 16
257
3 6 195 196
258
1 197
259
3 7 198 3
260
3 7 103 44
261
3 44 39 73
262
4 22 44 39 73
263
4 6 7 103 44
264
4 34 176 177 155
265
3 31 83 12
266
2 199 200
267
3 15 34 201
268
2 6 202
269
3 161 23 44
270
2 110 142
271
3 6 203 204
272
6 6 4 4 4 103 158
273
4 97 0 0 205
274
5 103 73 104 203 204
275
3 15 203 204
276
5 90 139 206 31 3
277
4 98 79 41 207
278
3 79 41 207
279
4 141 0 0 205
280
4 130 39 73 84
281
2 39 16
282
3 118 39 16
283
5 3 39 73 17 208
284
5 209 210 0 23 39
285
4 209 210 0 93
286
1 211
287
5 36 209 210 0 74
288
5 43 39 73 17 208
289
5 139 209 210 0 52
290
4 209 210 0 52
291
5 212 39 73 17 208
292
3 0 39 16
293
3 36 39 16
294
4 3 213 83 0
295
2 6 214
296
2 98 214
297
4 54 39 54 69
298
5 0 54 39 54 69
299
5 59 54 39 54 69
300
2 215 216
301
2 0 214
302
2 113 214
303
1 117
304
2 6 161
305
5 6 9 4 43 52
306
3 217 63 218
307
5 132 9 4 43 52
308
5 59 9 4 43 52
309
3 44 44 91
310
1 188
311
1 219
312
2 220 3
313
2 39 219
314
2 58 221
315
3 59 27 157
316
2 1 222
317
4 3 213 103 158
318
4 56 40 44 223
319
5 6 209 210 0 224
320
3 20 26 225
321
3 3 226 227
322
3 44 169 13
323
2 226 227
324
2 0 228
325
3 20 116 23
326
3 20 0 228
327
6 132 12 73 228 52 28
328
3 59 169 13
329
3 15 226 227
330
1 229
331
3 125 0 228
332
3 172 230 231
333
2 20 232
334
3 0 105 233
335
5 14 23 5 24 25
336
3 6 50 92
337
3 39 234 23
338
2 59 235
339
4 125 193 236 237
340
2 170 235
341
2 172 235
342
2 238 28
343
1 239
344
3 36 240 240
345
1 241
346
1 242
347
2 243 55
348
1 202
349
4 113 40 39 179
350
2 244 157
351
2 59 245
352
3 97 97 97
353
3 12 34 155
354
2 34 246
355
2 6 230
356
2 247 248
357
7 127 3 249 200 73 0 92
358
7 66 3 249 200 73 0 92
359
4 20 250 3 0
360
3 20 113 28
361
7 64 3 249 200 73 0 92
362
2 36 251
363
4 90 250 3 0
364
3 180 20 113
365
2 247 252
366
2 145 253
367
2 56 83
368
2 254 106
369
5 44 139 54 13 92
370
4 139 54 13 92
371
4 66 7 255 39
372
3 98 256 89
373
5 17 257 17 257 258
374
5 59 1 103 73 259
375
4 1 103 73 259
376
3 44 44 25
377
4 22 44 44 25
378
4 36 15 255 39
379
6 54 260 54 260 54 260
380
3 6 261 127
381
4 262 70 17 97
382
3 156 263 45
383
3 6 12 264
384
1 265
385
2 146 224
386
3 44 100 266
387
3 36 267 92
388
3 81 31 0
389
3 0 12 264
390
1 268
391
5 14 103 73 186 0
392
2 146 269
393
3 93 40 206
394
2 139 44
395
2 141 172
396
5 103 73 186 0 63
397
2 0 270
398
2 113 270
399
2 6 271
400
2 98 271
401
1 271
402
2 95 39
403
3 44 95 39
404
4 247 9 0 171
405
2 219 0
406
4 59 9 0 171
407
2 90 272
408
4 95 39 97 97
409
3 55 258 179
410
4 90 273 39 54
411
3 14 161 23
412
3 7 274 270
413
4 22 30 275 275
414
3 161 23 258
415
5 276 24 277 82 87
416
4 30 275 275 28
417
3 274 270 278
418
3 15 227 126
419
2 161 23
420
2 191 63
421
4 74 39 17 208
422
2 274 270
423
2 238 279
424
2 7 279
425
1 269
426
2 17 280
427
4 132 19 19 213
428
4 281 107 238 82
429
4 59 95 73 37
430
2 185 256
431
3 247 109 39
432
4 64 51 105 5
433
3 36 0 213
434
3 66 146 282
435
4 64 180 37 4
436
2 146 282
437
3 6 12 258
438
2 12 258
439
3 36 12 258
440
4 43 283 41 284
441
5 14 9 19 19 54
442
5 185 9 19 19 54
443
5 59 9 19 19 54
444
5 55 9 19 19 54
445
2 44 92
446
2 198 171
447
1 92
448
3 22 199 200
449
4 6 285 238 82
450
3 6 199 200
451
3 6 109 39
452
2 6 286
453
3 98 109 39
454
5 6 7 103 73 0
455
3 125 3 287
456
4 64 103 73 0
457
5 14 7 103 73 0
458
2 6 288
459
1 37
460
2 0 44
461
1 137
462
3 36 95 101
463
5 54 179 127 109 31
464
3 289 27 93
465
3 137 4 0
466
2 36 290
467
3 36 290 74
468
4 36 290 9 10
469
3 132 50 92
470
2 125 291
471
3 4 0 28
472
2 238 221
473
5 6 283 41 157 152
474
1 292
475
3 0 0 205
476
4 0 0 205 91
477
4 6 0 0 205
478
5 43 283 41 157 152
479
2 39 73
480
3 35 113 113
481
3 36 39 73
482
4 58 0 0 205
483
3 59 113 113
484
3 15 293 294
485
4 170 0 0 205
486
2 25 97
487
4 209 210 0 127
488
5 6 209 210 0 127
489
4 209 210 0 295
490
6 7 59 39 73 17 208
491
5 44 209 210 0 127
492
1 83
493
3 6 296 12
494
3 66 26 196
495
3 36 297 63
496
2 296 12
497
7 298 3 249 200 73 0 92
498
3 125 299 92
499
2 297 63
500
3 20 26 196
501
4 58 273 39 54
502
2 125 299
503
3 59 270 32
504
5 132 54 70 73 28
505
2 132 300
506
2 11 111
507
3 66 169 13
508
3 113 169 13
509
2 169 13
510
3 64 50 92
511
3 180 169 13
512
3 169 13 45
513
3 169 13 91
514
3 3 39 234
515
3 36 301 73
516
6 59 9 94 210 54 0
517
2 125 230
518
6 9 94 210 54 0 52
519
2 64 230
520
2 118 113
521
5 59 36 302 52 44
522
2 55 258
523
6 21 9 94 210 54 0
524
3 6 301 73
525
3 139 301 73
526
2 3 235
527
5 7 9 94 27 93
528
2 64 303
529
4 9 94 27 93
530
2 94 303
531
4 125 304 156 157
532
5 90 9 94 27 93
533
4 54 260 31 84
534
4 6 139 273 0
535
4 59 54 260 31
536
3 22 305 31
537
3 295 273 0
538
2 305 31
539
3 178 34 234
540
4 3 107 306 3
541
2 68 307
542
2 36 127
543
2 17 127
544
3 139 273 0
545
4 58 139 273 0
546
3 94 247 37
547
6 59 193 109 31 45 82
548
5 193 109 31 45 82
549
4 22 250 3 0
550
3 0 227 73
551
4 250 3 0 258
552
4 164 250 3 0
553
2 227 73
554
4 6 273 39 54
555
2 0 93
556
2 98 111
557
4 15 250 3 0
558
2 66 308
559
3 72 240 240
560
3 22 309 44
561
3 97 309 44
562
2 125 308
563
3 15 309 44
564
5 127 127 127 27 256
565
1 288
566
2 180 288
567
2 0 288
568
2 98 288
569
2 288 84
570
1 310
571
3 98 34 234
572
2 34 234
573
2 15 288
574
3 73 3 4
575
1 222
576
2 263 311
577
2 7 312
578
3 58 7 312
579
2 312 89
580
2 44 222
581
3 36 210 126
582
3 58 210 126
583
2 164 222
584
3 59 210 126
585
4 46 11 313 157
586
2 6 314
587
1 315
588
3 1 3 213
589
1 13
590
2 125 13
591
2 14 13
592
3 255 39 91
593
4 316 317 82 180
594
2 159 318
595
4 319 50 70 74
596
4 118 70 17 97
597
4 15 50 70 74
598
3 3 255 39
599
3 180 255 39
600
3 74 255 39
601
2 44 3
602
4 98 139 320 82
603
2 43 3
604
3 139 320 82
605
4 59 139 320 82
606
2 21 147
607
3 40 12 264
608
2 5 13
609
4 98 321 45 82
610
3 321 45 82
611
7 18 275 275 73 275 275 184
612
4 90 321 45 82
613
2 3 258
614
1 322
615
2 1 323
616
4 281 107 73 92
617
5 3 9 0 171 52
618
3 0 272 84
619
4 66 94 247 92
620
4 9 0 171 52
621
2 272 84
622
2 324 272
623
2 98 272
624
2 304 325
625
3 125 304 325
626
5 6 82 82 82 82
627
3 0 240 240
628
2 240 240
629
3 37 258 92
630
3 3 45 44
631
3 326 45 44
632
2 45 44
633
3 66 45 44
634
3 81 34 23
635
3 45 44 63
636
4 58 175 200 43
637
5 1 175 200 43 3
638
2 97 327
639
2 12 327
640
2 327 328
641
2 36 327
642
4 34 263 0 84
643
3 15 36 23
644
2 21 327
645
2 329 28
646
2 41 284
647
3 6 41 284
648
5 125 16 17 18 19
649
5 0 0 73 231 91
650
4 103 73 104 327
651
3 324 37 28
652
1 264
653
2 196 157
654
1 238
655
2 73 330
656
4 103 73 104 238
657
2 59 238
658
1 274
659
3 290 274 74
660
4 169 170 45 82
661
3 70 15 63
662
3 64 36 179
663
2 36 179
664
1 149
665
3 141 36 179
666
3 59 3 4
667
4 78 59 3 4
668
4 7 59 168 127
669
2 93 331
670
2 168 127
671
3 168 127 55
672
5 44 134 134 44 37
673
6 44 134 134 44 37 22
674
2 98 331
675
4 105 332 52 153
676
1 331
677
2 113 84
678
2 41 82
679
3 125 41 82
680
3 64 117 284
681
3 74 41 82
682
2 118 284
683
5 103 73 104 41 82
684
2 59 149
685
2 3 51
686
2 7 51
687
1 51
688
2 43 51
689
2 147 51
690
2 1 51
691
2 21 51
692
2 36 51
693
2 15 51
694
2 90 51
695
2 51 52
696
2 7 115
697
1 115
698
2 0 115
699
1 333
700
2 43 60
701
2 334 115
702
2 15 115
703
2 0 253
704
2 43 335
705
5 139 169 170 45 82
706
2 59 336
707
2 336 74
708
3 7 31 83
709
3 247 31 83
710
3 0 31 83
711
3 35 31 83
712
2 31 83
713
3 90 31 83
714
4 3 54 7 74
715
3 44 44 113
716
3 59 31 83
717
3 185 31 83
718
3 37 258 127
719
3 36 31 83
720
3 31 83 28
721
4 58 54 7 74
722
4 185 127 109 31
723
4 12 76 76 13
724
3 3 3 92
725
2 44 337
726
3 97 263 76
727
3 12 263 76
728
3 98 263 76
729
1 337
730
2 14 337
731
3 113 263 76
732
3 125 263 76
733
2 164 172
734
4 90 125 263 76
735
2 15 337
736
2 95 96
737
3 338 73 328
738
2 36 336
739
2 114 0
740
1 339
741
3 102 51 52
742
3 156 127 43
743
4 340 341 26 171
744
2 6 339
745
2 6 336
746
3 117 126 127
747
3 93 126 127
748
2 35 336
749
3 64 36 92
750
2 36 253
751
3 36 26 171
752
3 69 61 108
753
3 59 26 171
754
3 59 40 0
755
3 298 126 127
756
3 56 36 253
757
1 336
758
1 102
759
5 6 105 342 73 53
760
2 117 102
761
4 36 139 36 92
762
2 72 343
763
2 72 184
764
2 43 102
765
4 43 139 36 92
766
3 139 36 92
767
4 139 36 92 43
768
3 3 213 344
769
3 126 127 63
770
5 154 132 105 39 29
771
3 74 160 161
772
4 56 105 39 29
773
3 36 102 92
774
2 36 92
775
2 174 54
776
1 72
777
4 43 105 39 29
778
2 283 74
779
3 34 126 127
780
2 15 344
781
3 1 36 92
782
4 21 345 27 93
783
3 90 102 92
784
3 0 36 92
785
6 0 7 16 17 18 19
786
3 0 346 179
787
4 15 9 347 19
788
2 348 52
789
3 44 104 183
790
2 98 349
791
4 7 3 4 32
792
3 59 104 183
793
5 54 39 54 103 42
794
1 350
795
2 44 42
796
2 44 350
797
2 64 42
798
2 43 42
799
4 3 213 39 42
800
4 226 73 0 28
801
3 20 39 42
802
3 351 238 52
803
6 40 39 54 263 200 74
804
3 210 30 12
805
4 210 30 12 63
806
4 98 210 30 12
807
4 105 54 106 200
808
2 43 200
809
4 90 210 30 12
810
4 12 210 30 12
811
4 59 109 31 99
812
2 44 200
813
5 64 9 0 210 0
814
3 11 37 54
815
4 9 0 210 0
816
5 9 0 210 0 43
817
2 352 53
818
3 185 352 53
819
5 6 9 0 210 0
820
5 98 9 0 210 0
821
5 20 9 0 210 0
822
2 189 0
823
4 2 0 2 0
824
5 2 0 2 0 270
825
4 6 141 263 0
826
1 179
827
4 103 73 0 328
828
3 43 263 0
829
3 14 105 233
830
4 34 76 0 63
831
1 33
832
5 7 16 17 18 19
833
3 44 263 0
834
4 97 103 73 0
835
3 141 263 0
836
2 1 353
837
3 98 263 0
838
4 36 324 54 0
839
2 263 0
840
4 90 103 73 0
841
2 44 182
842
2 66 182
843
2 67 354
844
1 144
845
2 139 355
846
4 352 53 352 37
847
2 3 144
848
2 238 113
849
2 44 144
850
1 200
851
2 200 52
852
2 200 89
853
3 109 31 356
854
3 246 109 31
855
3 36 109 31
856
2 326 170
857
2 31 4
858
2 34 357
859
1 170
860
3 200 331 33
861
2 200 124
862
3 6 109 31
863
2 200 74
864
2 109 31
865
3 98 17 0
866
2 17 4
867
3 59 358 225
868
3 7 17 0
869
3 118 17 0
870
3 3 304 126
871
3 44 358 225
872
3 74 358 225
873
4 240 240 17 0
874
3 54 0 87
875
4 7 21 54 0
876
3 0 54 0
877
4 64 6 334 93
878
3 36 54 0
879
3 59 54 0
880
2 171 88
881
3 21 54 0
882
1 359
883
2 54 0
884
4 97 97 97 32
885
1 360
886
1 361
887
3 43 45 82
888
3 54 0 52
889
3 147 258 84
890
3 324 54 0
891
2 147 258
892
3 195 0 63
893
1 88
894
3 362 0 63
895
4 34 363 31 83
896
4 6 3 3 344
897
4 56 3 3 344
898
3 195 116 23
899
3 6 0 83
900
3 58 82 3
901
3 44 34 364
902
4 141 275 275 365
903
2 34 364
904
4 27 73 366 92
905
5 367 0 0 258 223
906
3 64 34 364
907
5 103 73 104 34 364
908
7 105 54 106 367 0 0 258
909
3 58 368 74
910
5 59 367 0 0 258
911
2 368 74
912
2 369 157
913
2 139 370
914
3 125 118 78
915
2 78 252
916
2 339 223
917
2 3 3
918
2 22 240
919
5 174 161 345 27 93
920
1 371
921
3 141 3 3
922
2 117 251
923
1 252
924
4 15 283 41 284
925
3 169 73 37
926
3 44 3 3
927
5 44 334 245 73 74
928
4 66 283 41 284
929
3 245 73 74
930
5 103 73 194 16 63
931
4 117 39 129 23
932
5 59 9 10 31 0
933
4 44 39 129 23
934
3 98 362 0
935
4 9 0 171 91
936
4 324 179 0 73
937
1 216
938
3 9 10 216
939
3 125 362 0
940
4 0 103 73 0
941
4 360 9 347 19
942
4 171 9 347 19
943
3 59 105 332
944
4 35 9 347 19
945
3 9 347 19
946
3 34 76 0
947
4 172 9 347 19
948
2 247 350
949
4 351 238 52 28
950
2 350 91
951
6 54 39 54 372 0 373
952
4 103 73 374 0
953
4 59 106 249 101
954
2 375 311
955
3 106 249 101
956
4 0 226 73 0
957
3 27 157 42
958
5 54 39 54 103 55
959
5 6 226 73 0 28
960
3 6 39 42
961
2 39 42
962
5 58 226 73 0 28
963
3 58 39 42
964
3 113 39 42
965
2 59 42
966
2 59 376
967
2 37 89
968
3 44 9 45
969
3 81 9 45
970
5 3 9 0 27 377
971
5 0 9 0 27 377
972
4 9 0 27 377
973
4 9 0 27 378
974
2 242 91
975
2 21 171
976
2 67 378
977
4 0 231 156 157
978
3 59 189 0
979
3 0 2 0
980
5 0 16 17 18 19
981
4 7 36 2 0
982
4 7 59 2 0
983
4 44 9 347 19
984
1 20
985
2 20 0
986
3 36 2 0
987
3 103 73 0
988
4 103 73 0 32
989
3 110 263 0
990
4 141 9 347 19
991
3 59 2 0
992
4 59 324 54 0
993
2 242 242
994
5 56 16 17 18 19
995
2 379 328
996
3 89 0 74
997
2 0 295
998
1 295
999
2 14 182
1000
2 132 182
1001
2 118 182
1002
2 58 182
1003
4 0 9 0 380
1004
3 9 0 380
1005
2 44 370
1006
4 381 283 127 37
1007
4 58 73 39 73
1008
3 117 117 117
1009
3 0 109 31
1010
3 113 109 31
1011
2 97 200
1012
3 59 200 328
1013
3 59 109 31
1014
3 34 175 4
1015
2 170 4
1016
2 90 200
1017
4 0 36 382 5
1018
3 36 382 5
1019
4 118 36 382 5
1020
3 0 171 383
1021
3 41 39 171
1022
4 36 302 382 5
1023
3 132 275 29
1024
2 0 384
1025
1 384
1026
3 17 208 28
1027
4 78 54 0 43
1028
2 50 385
1029
4 7 54 0 43
1030
3 54 0 43
1031
4 97 54 0 43
1032
2 118 88
1033
4 185 54 0 43
1034
4 59 54 0 43
1035
2 170 88
1036
2 156 157
1037
3 0 156 157
1038
4 15 367 258 82
1039
2 73 100
1040
4 59 147 0 60
1041
1 147
1042
3 7 36 23
1043
3 0 7 386
1044
2 7 386
1045
2 118 360
1046
2 59 360
1047
3 387 127 73
1048
4 387 127 73 63
1049
2 36 23
1050
3 15 195 0
1051
2 44 252
1052
3 132 324 0
1053
5 58 9 10 388 236
1054
2 59 258
1055
5 3 9 10 388 236
1056
5 367 0 0 258 270
1057
4 78 70 126 10
1058
4 44 73 39 73
1059
4 125 70 126 10
1060
5 90 26 73 175 82
1061
5 6 283 389 19 37
1062
2 268 28
1063
5 0 283 389 19 37
1064
5 14 283 389 19 37
1065
2 390 377
1066
5 113 283 389 19 37
1067
5 59 283 389 19 37
1068
2 34 188
1069
2 275 227
1070
3 7 391 392
1071
4 58 7 391 392
1072
1 370
1073
2 22 370
1074
3 97 11 78
1075
2 64 370
1076
2 11 78
1077
3 338 11 78
1078
3 58 11 78
1079
3 113 11 78
1080
3 39 369 157
1081
4 93 39 369 157
1082
3 58 369 157
1083
4 15 7 391 392
1084
2 175 113
1085
3 6 27 117
1086
4 369 157 27 117
1087
5 132 12 73 153 52
1088
3 58 175 113
1089
3 97 324 0
1090
2 324 0
1091
4 196 3 45 82
1092
3 58 105 332
1093
4 76 76 345 28
1094
2 54 122
1095
2 267 28
1096
3 39 105 332
1097
3 74 175 69
1098
5 20 161 226 73 162
1099
4 103 73 194 16
1100
5 113 103 73 194 16
1101
3 334 59 258
1102
4 15 372 0 373
1103
3 15 105 332
1104
5 90 103 73 194 16
1105
3 7 27 117
1106
2 301 39
1107
3 21 301 39
1108
3 274 4 252
1109
3 59 27 117
1110
4 59 39 129 23
1111
4 34 76 0 361
1112
3 59 195 0
1113
3 216 240 240
1114
1 113
1115
4 118 367 258 82
1116
3 179 0 73
1117
4 179 0 73 28
1118
2 68 258
1119
3 36 23 74
1120
3 298 362 0
1121
5 117 106 45 82 218
1122
2 3 393
1123
3 394 31 3
1124
3 44 395 19
1125
4 127 37 2 0
1126
4 20 396 23 39
1127
3 20 159 74
1128
3 64 394 31
1129
2 43 45
1130
5 103 73 104 395 19
1131
3 66 9 397
1132
4 59 11 51 52
1133
3 15 395 19
1134
4 26 275 37 258
1135
2 21 398
1136
3 90 159 74
1137
3 90 0 238
1138
2 50 0
1139
5 44 380 0 82 73
1140
2 191 191
1141
3 117 0 238
1142
4 64 67 109 39
1143
2 258 44
1144
1 393
1145
3 283 345 28
1146
2 14 5
1147
2 59 393
1148
2 104 47
1149
3 21 14 5
1150
2 90 393
1151
2 6 399
1152
2 395 19
1153
2 400 43
1154
1 348
1155
3 7 112 63
1156
2 6 243
1157
5 116 23 127 109 31
1158
2 20 171
1159
2 36 243
1160
3 176 177 155
1161
2 399 63
1162
3 58 20 171
1163
2 59 399
1164
4 34 37 2 0
1165
4 34 316 317 82
1166
2 15 54
1167
2 15 348
1168
2 104 183
1169
2 348 28
1170
4 1 176 177 155
1171
2 21 243
1172
7 90 18 275 275 73 275 275
1173
2 90 348
1174
4 54 13 89 0
1175
3 44 89 0
1176
1 401
1177
3 36 3 3
1178
2 34 377
1179
2 89 0
1180
2 7 401
1181
2 401 84
1182
2 154 74
1183
1 402
1184
2 98 402
1185
4 36 403 313 82
1186
3 20 34 377
1187
3 36 154 74
1188
3 89 0 44
1189
3 89 0 172
1190
3 21 34 377
1191
4 137 404 115 73
1192
4 188 105 73 32
1193
3 188 82 3
1194
2 317 37
1195
3 64 179 179
1196
2 141 39
1197
4 30 69 63 53
1198
2 30 405
1199
2 147 43
1200
2 376 182
1201
2 21 42
1202
4 90 226 73 0
1203
5 367 210 302 153 97
1204
7 44 103 73 0 0 19 19
1205
1 406
1206
4 3 226 73 0
1207
2 6 406
1208
7 6 103 73 0 0 19 19
1209
3 64 141 39
1210
7 36 103 73 0 0 19 19
1211
4 30 69 63 83
1212
4 59 226 73 0
1213
4 7 407 408 53
1214
5 44 188 105 73 32
1215
5 188 105 73 70 409
1216
3 66 179 179
1217
3 74 179 179
1218
1 223
1219
3 98 293 131
1220
4 64 30 69 63
1221
2 36 237
1222
3 36 293 131
1223
5 81 188 105 73 32
1224
7 103 73 0 0 19 19 63
1225
5 103 73 104 179 179
1226
3 59 117 184
1227
4 59 74 179 179
1228
3 59 141 39
1229
2 293 131
1230
6 36 73 127 73 127 73
1231
2 352 21
1232
3 187 176 92
1233
4 187 176 92 124
1234
2 59 200
1235
7 170 3 73 127 73 127 73
1236
4 7 187 176 92
1237
4 187 176 92 44
1238
4 187 176 92 253
1239
3 15 358 225
1240
2 334 184
1241
4 187 176 92 247
1242
3 1 263 373
1243
3 7 258 53
1244
4 44 316 317 82
1245
3 22 258 53
1246
2 258 53
1247
4 43 55 103 158
1248
2 9 72
1249
3 9 72 91
1250
5 59 3 3 3 366
1251
5 172 410 0 210 0
1252
5 21 410 0 210 0
1253
5 0 26 70 104 92
1254
6 6 411 27 134 134 223
1255
3 98 9 72
1256
5 5 410 0 210 0
1257
5 36 3 3 3 366
1258
3 43 361 47
1259
3 118 9 72
1260
1 262
1261
5 103 73 104 9 72
1262
4 90 11 51 52
1263
3 90 9 72
1264
3 215 216 63
1265
3 255 171 52
1266
3 247 255 171
1267
5 117 410 0 210 0
1268
3 117 9 72
1269
2 0 412
1270
3 146 189 0
1271
5 6 16 17 18 19
1272
3 6 40 21
1273
3 129 23 11
1274
3 20 50 0
1275
3 381 3 3
1276
4 1 129 23 11
1277
3 54 179 258
1278
3 3 4 89
1279
3 64 104 47
1280
3 44 50 0
1281
4 36 240 373 44
1282
2 6 413
1283
2 180 413
1284
5 40 16 17 18 19
1285
3 59 414 153
1286
3 90 50 0
1287
3 262 83 237
1288
2 21 256
1289
2 179 122
1290
4 7 67 109 39
1291
3 7 103 415
1292
3 127 103 415
1293
3 36 109 39
1294
2 103 415
1295
3 14 103 415
1296
3 15 179 122
1297
3 193 106 3
1298
1 93
1299
3 64 43 89
1300
1 184
1301
1 409
1302
3 103 73 374
1303
2 59 131
1304
4 56 44 44 155
1305
3 188 82 153
1306
3 98 11 93
1307
3 36 320 416
1308
3 15 320 416
1309
2 125 258
1310
2 33 184
1311
5 73 4 4 73 39
1312
3 44 44 155
1313
2 125 184
1314
4 113 417 53 32
1315
4 59 345 27 82
1316
3 417 53 32
1317
4 73 215 200 89
1318
4 7 73 122 63
1319
6 54 0 157 54 0 157
1320
4 7 73 215 200
1321
2 180 178
1322
3 39 39 39
1323
4 112 9 0 317
1324
3 9 0 317
1325
5 367 17 0 52 172
1326
2 185 178
1327
2 185 144
1328
4 90 73 215 200
1329
1 354
1330
5 367 17 0 52 152
1331
4 39 9 0 317
1332
4 73 215 200 84
1333
3 178 26 418
1334
4 3 40 39 157
1335
4 367 17 0 52
1336
4 98 40 39 157
1337
4 132 73 215 200
1338
4 14 73 215 200
1339
2 40 178
1340
3 40 39 157
1341
6 40 0 157 40 0 157
1342
3 59 26 418
1343
3 113 210 0
1344
3 146 419 0
1345
3 6 20 113
1346
2 146 251
1347
2 90 412
1348
2 78 420
1349
2 115 73
1350
1 420
1351
2 420 113
1352
1 251
1353
2 59 247
1354
4 139 104 45 82
1355
2 421 52
1356
3 367 258 196
1357
1 196
1358
3 196 127 89
1359
3 263 19 0
1360
4 9 0 317 396
1361
2 14 420
1362
3 33 17 185
1363
3 6 17 0
1364
2 118 256
1365
2 14 256
1366
3 193 54 0
1367
3 172 17 0
1368
3 7 17 185
1369
3 193 227 0
1370
2 0 256
1371
2 5 422
1372
5 411 73 31 423 96
1373
2 59 256
1374
5 238 82 36 19 19
1375
2 6 422
1376
3 6 156 377
1377
1 422
1378
2 260 31
1379
2 66 422
1380
4 66 193 54 0
1381
4 98 193 54 0
1382
3 36 260 31
1383
2 17 0
1384
4 58 180 180 258
1385
2 113 422
1386
3 156 377 63
1387
3 6 0 43
1388
3 0 43 328
1389
3 21 0 43
1390
3 36 390 284
1391
2 390 180
1392
2 390 284
1393
3 90 0 43
1394
5 6 41 30 257 270
1395
5 6 180 180 258 82
1396
2 6 424
1397
4 6 193 254 106
1398
4 36 193 254 106
1399
4 26 70 104 92
1400
5 411 27 134 134 223
1401
2 59 424
1402
2 15 424
1403
3 90 83 60
1404
2 3 425
1405
3 7 324 20
1406
2 98 425
1407
2 27 117
1408
2 419 0
1409
4 12 4 157 29
1410
4 36 4 157 29
1411
4 40 4 157 29
1412
4 59 4 157 29
1413
3 419 0 91
1414
4 172 4 157 29
1415
4 0 34 263 0
1416
3 0 89 0
1417
2 316 344
1418
3 0 263 0
1419
3 141 42 42
1420
4 6 129 23 11
1421
4 44 129 23 11
1422
3 12 13 45
1423
3 58 104 183
1424
2 42 63
1425
4 3 426 427 157
1426
4 426 427 157 89
1427
2 3 270
1428
2 22 270
1429
2 75 180
1430
2 139 291
1431
3 58 139 291
1432
3 185 139 291
1433
2 6 200
1434
3 6 9 45
1435
2 9 45
1436
3 113 9 45
1437
2 255 231
1438
3 6 255 231
1439
3 113 255 231
1440
3 189 0 115
1441
3 3 2 0
1442
3 7 2 0
1443
3 44 2 0
1444
2 44 216
1445
4 22 3 4 32
1446
2 216 84
1447
2 20 314
1448
6 50 27 73 45 45 82
1449
4 0 9 347 19
1450
2 2 0
1451
5 59 16 17 18 19
1452
3 54 0 157
1453
4 9 347 19 63
1454
3 34 263 0
1455
2 15 216
1456
2 161 43
1457
3 0 161 43
1458
3 110 182 3
1459
3 110 182 28
1460
3 3 9 45
1461
3 0 9 45
1462
2 146 200
1463
3 200 331 28
1464
2 171 383
1465
3 6 146 200
1466
5 6 427 0 0 0
1467
1 0
1468
2 6 0
1469
4 34 73 366 428
1470
3 44 54 0
1471
3 0 0 253
1472
4 146 193 254 106
1473
3 7 54 0
1474
3 247 189 0
1475
2 139 117
1476
3 56 139 117
1477
4 15 37 73 231
1478
4 3 37 73 231
1479
4 6 37 73 231
1480
4 66 37 73 231
1481
4 43 37 73 231
1482
2 3 252
1483
3 64 58 424
1484
5 36 103 73 194 16
1485
2 58 424
1486
2 34 429
1487
3 50 155 270
1488
2 334 78
1489
3 64 334 78
1490
2 118 78
1491
3 44 334 78
1492
3 22 139 370
1493
3 180 334 78
1494
3 39 139 370
1495
3 59 0 157
1496
4 156 258 73 231
1497
3 175 113 32
1498
6 12 174 161 345 27 93
1499
3 146 339 223
1500
4 7 169 73 37
1501
3 37 3 3
1502
2 252 314
1503
2 36 252
1504
6 103 73 104 245 73 74
1505
2 58 252
1506
4 59 245 73 74
1507
2 3 212
1508
3 39 129 23
1509
3 6 324 44
1510
2 324 44
1511
3 6 195 0
1512
3 6 139 370
1513
5 139 9 0 171 91
1514
4 141 59 195 0
1515
2 3 40
1516
2 6 40
1517
3 0 430 63
1518
5 97 215 324 19 431
1519
5 43 215 324 19 431
1520
2 87 430
1521
3 0 6 40
1522
2 7 432
1523
1 432
1524
3 430 83 74
1525
5 7 188 105 73 32
1526
3 44 44 21
1527
3 44 141 406
1528
3 6 141 406
1529
5 64 188 105 73 32
1530
2 141 406
1531
3 7 141 406
1532
3 59 141 406
1533
3 15 141 406
1534
6 6 188 105 73 70 223
1535
5 188 105 73 70 223
1536
4 58 430 83 74
1537
6 90 188 105 73 70 223
1538
3 113 141 406
1539
5 59 188 105 73 32
1540
2 78 433
1541
3 44 434 91
1542
2 118 433
1543
3 139 434 91
1544
2 434 91
1545
2 434 69
1546
2 59 433
1547
5 6 113 113 27 89
1548
4 113 113 27 89
1549
2 34 237
1550
2 255 23
1551
3 36 255 23
1552
3 21 255 23
1553
3 247 263 0
1554
3 113 263 0
1555
5 59 113 113 27 89
1556
2 33 89
1557
4 275 11 275 44
1558
2 68 127
1559
3 98 68 127
1560
3 7 68 127
1561
3 22 22 22
1562
2 127 153
1563
4 36 127 127 127
1564
4 127 127 127 3
1565
3 6 68 127
1566
2 43 89
1567
3 185 253 84
1568
3 59 147 253
1569
4 44 3 157 29
1570
3 44 70 51
1571
4 164 103 73 24
1572
2 41 206
1573
3 20 63 44
1574
3 20 63 237
1575
3 435 103 101
1576
4 64 436 277 258
1577
2 118 206
1578
3 436 277 258
1579
3 59 436 277
1580
2 78 206
1581
2 44 171
1582
3 9 10 206
1583
2 112 206
1584
3 298 437 13
1585
3 7 20 63
1586
4 7 89 89 89
1587
1 438
1588
2 154 44
1589
2 439 220
1590
3 41 7 440
1591
4 41 7 440 89
1592
5 22 275 11 275 44
1593
4 41 20 20 39
1594
2 20 63
1595
3 36 154 185
1596
3 36 137 63
1597
3 36 20 63
1598
3 14 20 63
1599
1 40
1600
2 185 40
1601
5 59 41 20 20 161
1602
3 44 155 291
1603
1 89
1604
3 78 436 277
1605
2 0 206
1606
3 36 73 441
1607
4 238 275 275 365
1608
3 7 125 117
1609
2 125 117
1610
4 98 139 30 405
1611
3 139 30 405
1612
4 58 185 240 373
1613
3 59 125 117
1614
4 64 139 30 405
1615
7 103 73 0 0 19 19 52
1616
7 43 103 73 0 0 19 19
1617
3 98 125 117
1618
2 150 28
1619
2 113 406
1620
2 90 406
1621
4 185 39 73 206
1622
4 59 9 0 317
1623
2 442 44
1624
2 442 185
1625
1 433
1626
2 73 441
1627
3 117 73 441
1628
3 39 73 206
1629
4 39 9 0 317
1630
4 9 0 27 157
1631
4 15 9 0 317
1632
4 6 443 39 317
1633
3 238 444 47
1634
4 36 443 39 317
1635
4 14 443 39 317
1636
4 113 443 39 317
1637
4 34 55 103 158
1638
4 125 443 39 317
1639
4 59 443 39 317
1640
1 380
1641
4 6 127 263 0
1642
4 98 443 39 317
1643
4 139 55 103 158
1644
2 185 314
1645
2 137 63
1646
4 137 63 9 10
1647
3 137 63 53
1648
2 214 89
1649
5 118 215 324 19 431
1650
3 78 44 44
1651
2 44 44
1652
4 22 185 240 373
1653
3 68 44 44
1654
5 188 105 0 0 0
1655
4 185 240 373 91
1656
4 112 185 240 373
1657
3 59 44 44
1658
3 164 130 20
1659
3 36 445 74
1660
2 79 0
1661
4 6 103 73 24
1662
4 78 103 73 24
1663
4 7 3 157 29
1664
4 68 103 73 24
1665
4 239 103 73 24
1666
4 98 103 73 24
1667
4 36 103 73 24
1668
4 287 103 73 24
1669
4 59 3 157 29
1670
5 68 0 0 0 446
1671
4 1 3 157 29
1672
5 12 103 73 24 84
1673
4 103 73 24 84
1674
2 0 89
1675
3 103 73 24
1676
3 59 447 127
1677
2 78 448
1678
3 44 447 127
1679
2 22 448
1680
5 103 73 104 447 127
1681
2 447 127
1682
3 447 409 63
1683
3 14 447 127
1684
2 59 448
1685
3 44 444 47
1686
2 9 31
1687
1 246
1688
2 246 238
1689
2 0 246
1690
2 64 246
1691
5 146 1 263 73 207
1692
4 1 263 73 207
1693
2 246 3
1694
2 6 246
1695
2 1 246
1696
3 44 449 21
1697
2 449 21
1698
3 6 449 21
1699
3 64 449 21
1700
3 59 193 68
1701
4 1 73 165 18
1702
4 7 156 127 32
1703
3 156 127 32
1704
4 156 127 32 84
1705
4 139 156 127 32
1706
4 113 156 127 32
1707
4 6 156 127 89
1708
1 450
1709
3 156 127 89
1710
2 112 39
1711
3 44 44 220
1712
3 22 100 101
1713
4 68 66 263 0
1714
3 66 263 0
1715
3 74 263 0
1716
1 220
1717
4 59 66 263 0
1718
3 298 100 101
1719
3 98 100 101
1720
4 1 3 157 3
1721
4 55 103 158 179
1722
4 172 156 127 32
1723
1 357
1724
2 98 357
1725
2 36 357
1726
3 51 105 451
1727
5 193 132 105 39 29
1728
3 193 449 21
1729
3 90 449 21
1730
3 156 127 28
1731
3 35 100 101
1732
2 132 131
1733
1 452
1734
4 59 156 127 28
1735
3 90 100 101
1736
2 150 12
1737
2 150 218
1738
2 150 171
1739
3 59 150 44
1740
2 340 341
1741
5 276 24 277 82 383
1742
4 6 9 0 317
1743
3 127 263 0
1744
4 6 103 73 148
1745
4 117 103 73 148
1746
4 36 103 73 148
1747
3 103 73 148
1748
4 59 103 73 148
1749
4 90 103 73 148
1750
4 15 103 73 148
1751
4 7 70 90 258
1752
3 97 127 153
1753
3 70 90 258
1754
4 125 70 90 258
1755
4 98 70 90 258
1756
4 64 70 90 258
1757
3 172 127 153
1758
2 56 216
1759
4 7 59 263 0
1760
3 59 263 0
1761
3 172 263 0
1762
3 90 263 0
1763
2 21 172
1764
3 139 44 44
1765
2 78 172
1766
2 22 172
1767
2 97 172
1768
1 172
1769
2 70 172
1770
4 0 139 44 44
1771
2 0 172
1772
2 3 206
1773
2 70 74
1774
1 453
1775
3 50 70 74
1776
3 125 7 440
1777
2 43 454
1778
2 180 455
1779
6 103 73 104 285 70 82
1780
2 150 97
1781
2 59 455
1782
4 7 285 70 82
1783
3 285 70 82
1784
4 58 285 70 82
1785
4 59 285 70 82
1786
4 15 285 70 82
1787
2 7 391
1788
3 7 59 391
1789
2 391 180
1790
2 391 456
1791
2 58 391
1792
3 7 253 122
1793
3 110 7 127
1794
2 7 457
1795
3 98 7 127
1796
1 378
1797
1 457
1798
3 98 444 47
1799
2 444 47
1800
2 7 226
1801
2 285 180
1802
3 93 285 180
1803
3 110 11 157
1804
2 447 74
1805
4 139 44 44 275
1806
2 78 52
1807
2 44 52
1808
3 44 105 332
1809
3 247 105 332
1810
5 132 12 73 295 52
1811
3 113 350 44
1812
3 59 458 82
1813
2 459 180
1814
3 21 350 44
1815
3 98 352 37
1816
2 105 332
1817
2 352 37
1818
2 39 460
1819
3 34 187 460
1820
2 21 460
1821
3 21 459 180
1822
1 141
1823
2 141 28
1824
2 36 141
1825
3 7 39 69
1826
4 7 27 73 377
1827
5 44 7 27 73 377
1828
3 39 69 32
1829
3 98 171 32
1830
3 118 171 32
1831
4 367 70 27 240
1832
2 171 32
1833
2 180 185
1834
3 247 125 185
1835
4 139 44 44 115
1836
4 139 44 44 185
1837
2 125 185
1838
3 15 125 185
1839
3 170 73 330
1840
1 185
1841
2 20 138
1842
2 26 223
1843
2 59 138
1844
3 34 138 97
1845
3 34 138 12
1846
5 27 7 39 37 93
1847
3 44 11 93
1848
2 180 456
1849
3 90 11 93
1850
3 285 283 461
1851
2 283 461
1852
3 283 461 89
1853
3 21 283 461
1854
2 90 462
1855
1 462
1856
2 7 127
1857
3 6 7 127
1858
3 180 7 127
1859
4 7 110 11 157
1860
2 20 214
1861
3 59 180 214
1862
5 139 54 39 54 69
1863
2 21 214
1864
3 367 70 463
1865
4 59 226 73 113
1866
1 456
1867
2 6 456
1868
1 32
1869
3 105 332 52
1870
3 58 141 79
1871
2 141 97
1872
2 39 69
1873
5 97 27 39 9 31
1874
2 0 328
1875
3 98 240 0
1876
2 240 0
1877
4 103 73 0 47
1878
4 15 55 103 158
1879
4 6 7 39 37
1880
4 7 39 37 218
1881
5 7 139 44 44 22
1882
4 44 7 39 37
1883
4 43 7 39 37
1884
4 139 44 44 22
1885
4 139 44 44 218
1886
4 139 44 44 252
1887
2 6 464
1888
1 464
1889
3 7 39 37
1890
2 295 3
1891
2 295 253
1892
2 59 464
1893
4 59 7 39 37
1894
4 34 7 39 37
1895
3 1 73 11
1896
3 15 350 44
1897
2 4 237
1898
2 350 44
1899
2 6 332
1900
2 319 3
1901
3 9 127 420
1902
2 21 332
1903
1 332
1904
4 7 39 37 3
1905
4 7 39 37 39
1906
4 7 39 37 93
1907
4 7 39 37 89
1908
4 7 39 37 356
1909
1 44
1910
1 180
1911
4 180 3 157 3
1912
2 319 52
1913
4 20 11 317 158
1914
4 103 73 0 218
1915
3 0 465 91
1916
2 0 466
1917
2 98 466
1918
2 465 91
1919
3 21 465 91
1920
2 90 466
1921
2 35 467
1922
1 467
1923
2 21 467
1924
2 264 92
1925
2 37 155
1926
3 54 210 107
1927
2 127 89
1928
2 376 258
1929
6 468 27 0 0 358 10
1930
5 6 3 3 3 366
1931
4 43 215 133 134
1932
4 58 215 133 134
1933
3 315 9 93
1934
4 59 273 39 54
1935
3 0 193 23
1936
5 103 73 104 26 21
1937
1 466
1938
3 21 430 52
1939
3 71 23 23
1940
3 21 193 23
1941
3 68 196 157
1942
3 36 196 157
1943
3 59 193 23
1944
2 193 23
1945
5 6 23 5 24 25
1946
3 36 469 317
1947
4 427 7 175 0
1948
4 43 290 274 74
1949
3 125 30 257
1950
5 59 170 164 170 164
1951
5 7 73 161 408 53
1952
3 6 273 0
1953
1 470
1954
4 22 193 109 471
1955
4 6 339 339 117
1956
4 6 176 253 53
1957
4 103 73 374 28
1958
2 21 433
1959
6 247 9 10 0 0 358
1960
1 328
1961
2 193 124
1962
3 6 39 3
1963
3 238 238 238
1964
4 7 174 87 171
1965
2 414 239
1966
4 98 238 238 238
1967
3 98 145 44
1968
3 59 39 3
1969
4 36 469 317 28
1970
5 44 34 28 32 288
1971
5 118 34 28 32 288
1972
5 164 23 5 24 25
1973
3 34 28 120
1974
5 6 34 28 32 288
1975
5 59 34 28 32 288
1976
1 237
1977
2 6 472
1978
2 98 472
1979
2 90 472
1980
3 43 437 219
1981
3 59 437 219
1982
2 437 219
1983
2 78 122
1984
2 21 82
1985
3 21 82 89
1986
3 21 82 28
1987
1 21
1988
5 39 26 73 175 82
1989
2 156 473
1990
3 14 156 473
1991
3 6 465 91
1992
3 58 68 264
1993
3 185 68 264
1994
4 15 7 175 0
1995
2 0 327
1996
5 427 0 0 0 270
1997
5 427 0 0 0 328
1998
6 427 0 0 0 45 82
1999
3 7 67 440
2000
5 0 427 0 0 0
2001
2 36 440
2002
5 59 427 0 0 0
2003
3 0 6 11
2004
2 66 31
2005
2 474 60
2006
2 93 11
2007
2 58 11
2008
3 78 78 60
2009
2 6 11
2010
2 6 115
2011
3 85 77 54
2012
2 132 115
2013
4 59 75 73 76
2014
2 59 454
2015
6 44 134 134 44 37 218
2016
3 59 168 127
2017
4 81 45 82 32
2018
4 81 45 82 22
2019
3 180 31 83
2020
2 127 86
2021
2 86 63
2022
3 86 41 82
2023
1 475
2024
2 139 246
2025
4 9 94 27 51
2026
5 67 9 94 27 51
2027
2 43 86
2028
3 6 476 89
2029
3 0 17 99
2030
3 17 99 63
2031
3 113 17 99
2032
3 56 17 99
2033
3 66 17 99
2034
3 59 17 99
2035
3 0 114 73
2036
3 43 114 73
2037
3 3 40 0
2038
3 115 9 10
2039
3 74 40 0
2040
3 1 40 0
2041
2 247 348
2042
4 36 338 73 93
2043
2 59 335
2044
4 0 54 7 74
2045
3 31 83 32
2046
2 22 232
2047
2 6 232
2048
4 9 0 380 53
2049
4 59 54 13 158
2050
3 54 13 158
2051
4 7 125 263 76
2052
3 44 69 69
2053
3 22 69 69
2054
4 64 125 263 76
2055
4 43 54 13 158
2056
2 69 69
2057
3 69 69 328
2058
3 6 95 96
2059
3 22 30 167
2060
3 3 114 73
2061
3 22 129 23
2062
3 68 143 87
2063
3 6 129 23
2064
2 6 121
2065
3 143 87 83
2066
4 78 78 129 23
2067
3 127 129 23
2068
3 0 77 54
2069
3 43 77 54
2070
2 14 121
2071
1 121
2072
2 427 157
2073
3 14 114 0
2074
3 36 143 87
2075
3 193 129 23
2076
3 143 87 152
2077
3 64 147 148
2078
3 36 147 148
2079
1 85
2080
3 172 147 148
2081
3 154 155 337
2082
3 59 154 155
2083
3 154 155 88
2084
2 154 155
2085
3 6 135 52
2086
3 135 52 180
2087
2 6 477
2088
3 161 162 84
2089
3 31 83 74
2090
3 0 0 0
2091
3 238 230 231
2092
1 478
2093
2 3 232
2094
4 7 161 162 84
2095
3 7 59 232
2096
1 232
2097
3 164 172 28
2098
4 94 73 122 278
2099
2 15 232
2100
4 193 94 73 122
2101
2 3 121
2102
5 59 169 170 45 82
2103
2 121 84
2104
3 59 121 21
2105
2 22 121
2106
2 11 252
2107
2 125 11
2108
2 185 11
2109
3 40 0 63
2110
4 6 281 30 339
2111
2 98 102
2112
4 36 281 30 339
2113
2 7 102
2114
3 7 17 102
2115
3 7 40 0
2116
3 7 59 102
2117
2 3 102
2118
4 44 281 30 339
2119
2 324 102
2120
3 30 167 39
2121
2 59 102
2122
4 15 30 167 39
2123
5 39 39 109 31 101
2124
5 59 39 109 31 101
2125
3 394 31 69
2126
3 394 31 270
2127
3 44 479 21
2128
3 226 316 317
2129
2 479 21
2130
1 480
2131
3 59 479 21
2132
4 59 44 103 101
2133
3 59 480 44
2134
3 59 480 83
2135
2 394 31
2136
3 44 394 31
2137
3 37 2 0
2138
2 161 243
2139
3 127 3 3
2140
4 12 37 2 0
2141
2 43 399
2142
1 399
2143
4 51 105 394 31
2144
2 298 184
2145
2 298 91
2146
4 172 37 2 0
2147
3 3 213 99
2148
2 12 13
2149
2 105 233
2150
2 103 161
2151
3 147 0 52
2152
2 414 37
2153
3 22 480 83
2154
5 0 0 253 0 0
2155
2 35 185
2156
3 125 105 233
2157
2 244 481
2158
2 59 35
2159
2 59 40
2160
3 15 105 233
2161
3 6 283 196
2162
4 59 103 73 0
2163
4 9 275 27 237
2164
2 6 235
2165
2 98 195
2166
3 98 31 0
2167
1 195
2168
4 125 482 37 284
2169
7 64 103 73 0 0 19 19
2170
2 36 195
2171
3 15 30 405
2172
5 54 39 54 105 233
2173
4 295 103 73 374
2174
3 98 179 179
2175
2 98 350
2176
3 30 69 63
2177
4 59 183 183 16
2178
4 125 245 73 364
2179
3 59 179 179
2180
5 15 125 245 73 364
2181
3 117 184 3
2182
3 12 350 270
2183
1 270
2184
3 30 405 270
2185
5 44 103 73 186 0
2186
5 0 103 73 186 0
2187
3 43 146 200
2188
2 352 157
2189
4 187 483 324 0
2190
4 7 483 324 0
2191
3 170 4 97
2192
5 6 103 73 186 0
2193
4 44 378 378 378
2194
3 98 20 113
2195
5 9 0 210 0 428
2196
3 58 209 43
2197
5 44 410 0 210 0
2198
3 180 258 53
2199
4 410 0 210 0
2200
5 36 410 0 210 0
2201
2 200 231
2202
3 33 209 43
2203
4 6 378 378 378
2204
5 3 3 3 366 55
2205
3 12 209 43
2206
3 36 209 43
2207
4 146 11 51 52
2208
2 480 83
2209
3 7 89 0
2210
1 256
2211
3 58 3 4
2212
6 146 168 273 389 19 277
2213
2 98 270
2214
4 36 345 27 82
2215
3 40 44 223
2216
2 95 20
2217
5 78 78 103 73 374
2218
3 320 416 89
2219
2 7 184
2220
4 6 103 436 277
2221
3 103 436 277
2222
5 34 187 345 27 82
2223
2 59 28
2224
1 178
2225
4 117 73 215 200
2226
4 35 73 215 200
2227
3 36 129 84
2228
3 444 104 47
2229
2 59 178
2230
5 367 17 0 52 218
2231
2 39 178
2232
2 35 178
2233
2 58 178
2234
2 129 84
2235
2 15 178
2236
4 407 249 28 29
2237
6 78 283 389 19 180 52
2238
3 146 326 170
2239
2 20 113
2240
1 163
2241
2 163 91
2242
2 78 421
2243
1 421
2244
2 324 19
2245
2 94 247
2246
3 59 324 19
2247
6 3 213 17 257 17 257
2248
4 427 0 0 0
2249
2 97 256
2250
1 437
2251
5 326 427 0 0 0
2252
3 193 254 106
2253
5 172 427 0 0 0
2254
3 59 422 44
2255
2 238 82
2256
3 238 82 21
2257
2 239 484
2258
4 3 213 238 82
2259
2 3 4
2260
3 324 390 284
2261
5 367 0 0 258 84
2262
5 44 367 0 0 258
2263
4 247 7 485 78
2264
2 11 124
2265
2 485 78
2266
3 14 485 78
2267
2 390 218
2268
1 253
2269
2 390 83
2270
5 367 0 0 258 89
2271
4 105 54 106 424
2272
2 113 424
2273
4 14 89 0 43
2274
2 361 47
2275
3 109 39 328
2276
2 44 379
2277
2 22 379
2278
2 317 258
2279
3 56 419 0
2280
3 419 0 287
2281
3 176 253 53
2282
4 113 176 253 53
2283
1 225
2284
3 59 251 44
2285
6 9 10 0 0 358 88
2286
6 3 9 10 0 0 358
2287
6 6 9 10 0 0 358
2288
6 0 9 10 0 0 358
2289
6 15 9 10 0 0 358
2290
7 103 73 104 3 3 3 366
2291
4 6 486 28 29
2292
5 90 3 3 3 366
2293
4 7 175 0 28
2294
5 3 157 3 306 53
2295
1 445
2296
2 36 274
2297
1 19
2298
2 487 28
2299
4 372 0 373 487
2300
2 36 445
2301
3 15 487 28
2302
1 487
2303
2 21 445
2304
2 90 487
2305
2 6 467
2306
2 36 467
2307
1 39
2308
2 179 54
2309
2 7 238
2310
3 7 34 361
2311
4 113 113 27 44
2312
2 353 97
2313
3 113 34 361
2314
3 59 34 361
2315
2 34 361
2316
3 90 179 54
2317
2 27 45
2318
3 6 457 44
2319
2 457 44
2320
1 43
2321
3 7 21 0
2322
3 97 68 264
2323
3 36 68 264
2324
3 171 68 264
2325
2 21 0
2326
2 219 92
2327
3 26 171 383
2328
2 59 21
2329
1 485
2330
3 56 219 92
2331
2 117 270
2332
3 1 73 366
2333
4 7 28 28 28
2334
3 78 12 264
2335
2 98 322
2336
2 141 78
2337
3 59 141 78
2338
3 7 175 0
2339
4 170 164 170 164
2340
4 6 109 43 52
2341
3 59 439 220
2342
5 7 1 79 41 207
2343
3 43 127 28
2344
3 112 127 28
2345
2 375 3
2346
2 375 74
2347
1 488
2348
1 488
2349
6 103 19 19 19 19 54
2350
3 109 43 52
2351
4 82 82 82 44
2352
5 0 82 82 82 44
2353
4 3 0 0 471
2354
3 6 489 97
2355
3 172 489 97
2356
4 6 345 27 93
2357
3 21 490 82
2358
3 78 78 138
2359
1 491
2360
5 59 487 487 161 161
2361
3 44 44 44
2362
4 36 94 194 16
2363
3 7 59 214
2364
2 22 214
2365
4 8 492 45 82
2366
3 8 492 63
2367
2 59 214
2368
2 90 214
2369
5 36 133 134 157 29
2370
5 0 103 73 54 0
2371
4 283 345 52 53
2372
4 64 174 73 93
2373
3 39 439 220
2374
2 78 493
2375
3 7 273 0
2376
2 44 158
2377
1 12
2378
2 192 63
2379
3 113 147 55
2380
2 56 158
2381
2 141 19
2382
4 1 37 485 485
2383
4 6 130 39 73
2384
5 74 283 41 157 152
2385
4 43 352 30 0
2386
3 352 30 0
2387
2 59 12
2388
2 147 55
2389
4 90 352 30 0
2390
6 3 9 94 210 157 0
2391
6 36 105 39 73 17 208
2392
5 9 94 210 157 0
2393
4 209 210 0 74
2394
3 39 494 0
2395
1 316
2396
3 209 210 0
2397
5 209 210 0 9 10
2398
3 44 209 43
2399
3 6 209 43
2400
3 20 209 43
2401
5 113 3 3 3 366
2402
2 7 111
2403
1 111
2404
4 40 39 83 0
2405
1 214
2406
3 0 209 43
2407
3 83 0 91
2408
3 90 83 0
2409
3 37 255 39
2410
3 74 103 155
2411
3 97 34 23
2412
1 495
2413
4 103 73 54 0
2414
2 242 52
2415
4 6 238 238 238
2416
2 326 92
2417
4 58 238 238 238
2418
3 59 161 162
2419
2 298 3
2420
3 15 45 82
2421
2 22 212
2422
1 212
2423
2 0 212
2424
2 36 212
2425
1 326
2426
4 59 27 31 44
2427
2 21 219
2428
2 90 212
2429
2 298 212
2430
2 59 221
2431
3 34 168 127
2432
4 21 34 168 127
2433
3 426 427 157
2434
3 188 82 43
2435
4 58 54 260 31
2436
6 59 4 4 4 103 158
2437
5 50 459 45 82 238
2438
1 207
2439
3 207 127 89
2440
2 319 207
2441
1 496
2442
2 90 497
2443
2 214 180
2444
3 226 227 32
2445
4 20 116 23 63
2446
3 69 390 89
2447
3 238 0 228
2448
3 174 73 93
2449
1 308
2450
4 118 174 73 93
2451
3 51 105 235
2452
5 59 39 275 275 53
2453
3 15 50 92
2454
3 193 137 23
2455
3 498 73 97
2456
1 54
2457
1 22
2458
4 6 103 73 0
2459
3 39 50 92
2460
2 36 54
2461
3 103 73 182
2462
4 103 73 104 97
2463
3 34 368 74
2464
4 15 40 39 179
2465
1 499
2466
1 5
2467
2 36 438
2468
2 193 185
2469
2 172 499
2470
3 21 4 0
2471
2 290 200
2472
1 155
2473
1 50
2474
1 309
2475
3 44 9 93
2476
1 500
2477
3 6 290 200
2478
3 6 184 152
2479
3 125 6 184
2480
5 3 157 3 306 89
2481
2 39 234
2482
4 0 255 23 39
2483
3 0 64 446
2484
6 125 9 94 210 54 0
2485
2 36 50
2486
3 36 50 92
2487
4 168 70 3 107
2488
5 103 73 104 105 93
2489
1 301
2490
2 9 93
2491
3 58 50 92
2492
2 34 297
2493
2 298 223
2494
3 15 290 200
2495
2 412 52
2496
1 218
2497
1 299
2498
2 34 92
2499
6 3 249 200 73 0 92
2500
4 6 26 27 82
2501
2 258 0
2502
3 26 27 82
2503
3 14 490 82
2504
6 0 0 127 73 0 253
2505
3 7 501 448
2506
5 44 427 0 0 0
2507
2 44 448
2508
2 137 502
2509
2 6 503
2510
5 117 103 73 69 63
2511
3 316 317 82
2512
5 103 73 54 0 503
2513
4 59 316 317 82
2514
2 501 448
2515
2 387 16
2516
4 74 50 70 74
2517
4 9 0 171 306
2518
5 9 0 171 306 53
2519
4 7 70 255 39
2520
3 39 255 39
2521
4 39 70 255 39
2522
3 70 255 39
2523
3 70 17 97
2524
1 504
2525
1 282
2526
5 193 236 70 17 97
2527
2 381 492
2528
2 125 492
2529
4 44 54 13 92
2530
1 430
2531
1 463
2532
3 188 82 13
2533
3 206 503 3
2534
3 139 320 53
2535
3 449 21 52
2536
3 59 430 270
2537
3 21 0 28
2538
3 193 93 63
2539
2 264 21
2540
2 6 452
2541
3 9 10 505
2542
2 250 506
2543
2 174 93
2544
3 44 485 78
2545
3 6 485 78
2546
3 68 44 180
2547
3 258 258 82
2548
3 37 173 173
2549
2 15 258
2550
1 124
2551
2 180 271
2552
2 20 322
2553
3 0 4 157
2554
5 180 26 27 240 373
2555
2 265 84
2556
4 26 27 240 373
2557
2 15 322
2558
2 22 84
2559
3 30 257 69
2560
5 113 275 11 275 44
2561
3 394 31 184
2562
4 6 394 31 184
2563
4 0 394 31 184
2564
2 127 28
2565
2 20 4
2566
2 227 126
2567
2 90 153
2568
2 137 23
2569
2 507 131
2570
2 50 92
2571
4 0 148 227 126
2572
1 508
2573
3 36 227 126
2574
3 36 509 19
2575
5 103 73 104 227 126
2576
1 99
2577
3 44 31 4
2578
5 132 19 19 213 238
2579
5 132 19 19 213 28
2580
3 31 4 84
2581
4 125 94 73 37
2582
2 34 44
2583
3 15 31 4
2584
3 15 24 120
2585
3 6 490 82
2586
3 81 490 82
2587
4 6 449 21 52
2588
3 0 430 270
2589
3 7 112 20
2590
2 247 20
2591
2 36 361
2592
2 159 153
2593
2 125 430
2594
2 154 185
2595
4 30 257 69 3
2596
4 59 30 257 69
2597
4 34 36 73 11
2598
2 15 202
2599
1 510
2600
4 247 4 157 29
2601
3 7 155 155
2602
3 64 180 122
2603
3 0 97 258
2604
4 1 175 200 43
2605
5 1 125 175 200 43
2606
3 90 26 21
2607
5 360 125 175 200 43
2608
5 22 9 19 19 54
2609
4 161 226 73 162
2610
3 20 267 28
2611
2 125 323
2612
3 1 125 323
2613
3 254 106 155
2614
2 171 511
2615
3 6 0 74
2616
3 64 17 39
2617
4 7 9 10 505
2618
4 44 4 157 29
2619
4 0 4 157 29
2620
5 90 34 36 73 11
2621
3 78 209 74
2622
3 54 27 153
2623
3 98 209 74
2624
2 147 184
2625
2 3 512
2626
2 36 235
2627
2 34 23
2628
2 21 235
2629
5 3 7 103 73 0
2630
4 118 430 83 74
2631
4 6 125 3 287
2632
2 66 512
2633
3 66 124 39
2634
3 43 4 0
2635
3 7 4 0
2636
3 6 4 0
2637
2 4 0
2638
2 95 101
2639
2 247 513
2640
1 513
2641
4 71 23 23 28
2642
2 59 513
2643
2 3 292
2644
3 6 376 258
2645
4 103 73 374 74
2646
3 14 376 258
2647
3 59 376 258
2648
4 3 130 39 73
2649
4 44 130 39 73
2650
3 14 113 113
2651
4 59 154 39 54
2652
4 15 154 39 54
2653
3 15 113 113
2654
3 3 39 73
2655
3 378 113 113
2656
3 56 39 73
2657
4 22 12 41 113
2658
4 6 27 31 44
2659
2 376 270
2660
3 12 41 113
2661
5 59 39 73 17 208
2662
4 3 139 514 0
2663
4 6 139 514 0
2664
4 209 210 0 3
2665
4 209 210 0 44
2666
5 43 209 210 0 3
2667
3 139 514 0
2668
4 185 139 514 0
2669
4 36 209 210 0
2670
4 326 209 210 0
2671
4 59 209 210 0
2672
5 3 213 209 210 0
2673
6 59 39 73 17 208 113
2674
5 6 17 105 54 106
2675
7 59 3 249 200 73 0 92
2676
3 59 26 196
2677
4 36 302 52 153
2678
5 7 17 105 54 106
2679
2 44 515
2680
2 125 515
2681
5 59 17 105 54 106
2682
5 1 17 105 54 106
2683
2 15 92
2684
2 37 507
2685
3 319 50 92
2686
4 7 43 390 101
2687
3 69 390 172
2688
3 14 263 311
2689
3 69 390 152
2690
3 44 94 303
2691
4 39 17 208 63
2692
4 66 39 17 208
2693
3 98 94 303
2694
3 6 39 234
2695
3 39 234 84
2696
5 66 9 94 27 93
2697
5 0 9 94 27 93
2698
3 360 437 13
2699
3 339 339 16
2700
5 0 54 27 127 25
2701
4 58 39 17 208
2702
3 59 94 303
2703
3 94 303 63
2704
3 193 132 309
2705
2 73 37
2706
4 59 73 37 356
2707
4 3 54 260 31
2708
1 127
2709
2 495 350
2710
2 58 495
2711
4 495 73 37 356
2712
3 43 305 31
2713
2 6 515
2714
4 36 302 52 44
2715
3 125 83 0
2716
2 180 515
2717
2 66 515
2718
3 74 273 0
2719
2 98 516
2720
3 93 273 0
2721
7 139 238 228 54 70 73 28
2722
6 238 228 54 70 73 28
2723
4 113 73 215 200
2724
2 59 288
2725
2 293 228
2726
5 36 9 0 27 288
2727
4 9 0 27 288
2728
3 139 293 228
2729
3 6 293 228
2730
3 81 293 228
2731
3 125 24 120
2732
3 44 210 126
2733
3 247 210 126
2734
3 180 40 206
2735
2 210 126
2736
3 98 210 126
2737
2 292 158
2738
2 40 206
2739
3 44 24 120
2740
3 6 24 120
2741
3 64 210 126
2742
3 90 244 157
2743
3 14 24 120
2744
5 36 103 73 69 63
2745
3 6 45 82
2746
2 13 84
2747
3 125 20 467
2748
1 517
2749
2 20 157
2750
2 146 253
2751
3 324 0 130
2752
3 132 3 213
2753
4 125 103 73 259
2754
5 59 103 73 259 3
2755
3 193 255 39
2756
1 3
2757
2 0 3
2758
1 204
2759
3 59 12 264
2760
3 324 267 92
2761
2 6 258
2762
3 20 157 84
2763
3 43 125 182
2764
2 97 322
2765
3 56 125 182
2766
2 125 182
2767
3 73 37 0
2768
1 272
2769
6 193 109 31 45 82 43
2770
3 6 105 235
2771
2 6 201
2772
2 43 322
2773
3 328 34 23
2774
3 1 34 23
2775
2 172 37
2776
3 172 34 23
2777
5 44 1 175 200 43
2778
2 26 21
2779
2 6 22
2780
2 0 271
2781
3 6 146 233
2782
3 0 3 3
2783
3 97 3 3
2784
4 146 59 3 3
2785
3 21 3 3
2786
1 278
2787
4 56 367 70 463
2788
3 114 73 161
2789
2 240 344
2790
4 13 34 240 284
2791
2 150 170
2792
3 59 150 170
2793
3 78 73 366
2794
3 73 366 84
2795
1 306
2796
4 113 34 73 366
2797
3 34 73 366
2798
4 22 34 240 284
2799
3 6 283 461
2800
3 39 283 461
2801
4 11 34 73 366
2802
4 58 34 240 284
2803
3 34 240 284
2804
4 21 34 240 284
2805
2 7 440
2806
4 43 34 240 284
2807
2 59 78
2808
1 78
2809
1 391
2810
2 44 78
2811
4 90 210 30 391
2812
2 132 518
2813
2 39 78
2814
3 391 519 228
2815
2 391 28
2816
2 391 21
2817
3 226 73 21
2818
4 12 20 21 252
2819
5 132 12 73 157 52
2820
3 283 41 284
2821
3 372 0 373
2822
4 125 372 0 373
2823
4 44 283 41 284
2824
4 324 372 0 373
2825
2 0 258
2826
2 58 258
2827
1 520
2828
3 59 90 258
2829
2 90 258
2830
4 7 372 0 373
2831
3 7 20 21
2832
2 20 21
2833
4 36 372 0 373
2834
2 36 520
2835
2 193 378
2836
4 90 372 0 373
2837
1 460
2838
4 7 193 155 92
2839
2 0 460
2840
3 127 73 471
2841
2 127 43
2842
4 0 127 73 471
2843
3 20 21 252
2844
2 36 40
2845
3 59 127 43
2846
3 15 127 43
2847
3 193 155 92
2848
4 193 155 92 28
2849
4 381 372 0 373
2850
4 14 324 19 32
2851
4 59 324 19 32
2852
2 97 79
2853
1 79
2854
2 141 238
2855
2 90 79
2856
3 0 17 208
2857
5 20 276 200 521 28
2858
2 79 153
2859
2 141 0
2860
4 0 31 4 55
2861
3 31 4 55
2862
4 9 522 258 278
2863
4 6 125 362 0
2864
3 97 362 0
2865
3 59 362 0
2866
3 146 362 0
2867
1 327
2868
5 54 39 54 103 314
2869
2 188 19
2870
3 6 193 297
2871
2 59 410
2872
1 446
2873
3 0 523 53
2874
3 98 523 53
2875
2 523 53
2876
2 59 524
2877
2 15 446
2878
2 193 297
2879
4 105 342 73 53
2880
5 7 105 342 73 53
2881
3 44 525 0
2882
2 525 0
2883
2 0 526
2884
1 318
2885
2 160 161
2886
1 525
2887
3 6 525 0
2888
2 105 54
2889
5 105 342 73 240 373
2890
2 36 525
2891
3 36 105 332
2892
3 3 523 53
2893
1 226
2894
4 68 457 52 89
2895
3 39 525 0
2896
3 319 17 208
2897
2 17 208
2898
3 457 52 89
2899
3 58 525 0
2900
3 15 0 526
2901
2 109 39
2902
3 398 99 53
2903
2 44 184
2904
1 527
2905
2 22 527
2906
3 39 44 184
2907
4 0 54 13 0
2908
2 0 393
2909
4 98 39 17 208
2910
6 319 352 36 179 31 231
2911
4 20 134 175 93
2912
2 145 28
2913
3 134 175 93
2914
2 168 28
2915
4 43 44 103 101
2916
1 240
2917
3 58 109 39
2918
3 113 145 28
2919
4 113 134 175 93
2920
4 59 26 275 37
2921
2 59 240
2922
3 193 236 237
2923
4 44 11 51 52
2924
3 246 9 10
2925
3 139 320 93
2926
2 55 11
2927
3 21 145 28
2928
3 54 13 0
2929
3 98 189 157
2930
3 59 189 157
2931
1 511
2932
4 1 317 39 317
2933
3 156 13 179
2934
2 90 127
2935
4 180 34 76 0
2936
4 97 403 313 82
2937
2 334 402
2938
4 68 403 313 82
2939
4 117 34 76 0
2940
4 39 403 313 82
2941
2 12 401
2942
2 36 401
2943
2 118 401
2944
1 528
2945
3 139 346 29
2946
2 346 29
2947
3 0 242 242
2948
3 6 184 270
2949
3 98 184 270
2950
2 189 157
2951
2 36 12
2952
2 112 287
2953
4 90 404 115 73
2954
4 450 226 73 0
2955
3 188 82 74
2956
2 381 409
2957
2 81 261
2958
2 141 44
2959
3 59 293 294
2960
2 170 261
2961
3 21 30 405
2962
5 39 275 275 53 84
2963
7 1 103 73 0 0 19 19
2964
2 78 223
2965
3 156 353 253
2966
3 260 317 511
2967
3 43 11 124
2968
5 103 73 104 283 196
2969
3 352 59 270
2970
4 34 76 70 28
2971
3 1 283 196
2972
2 1 182
2973
3 90 11 124
2974
2 44 180
2975
3 139 44 180
2976
6 98 9 10 0 0 358
2977
2 20 39
2978
3 64 44 180
2979
5 9 10 0 0 358
2980
3 59 44 180
2981
3 522 434 91
2982
2 287 55
2983
2 298 287
2984
2 15 287
2985
3 44 180 28
2986
5 522 434 91 40 39
2987
3 9 0 171
2988
2 200 84
2989
3 109 31 99
2990
4 44 283 529 266
2991
4 36 283 529 266
2992
2 494 0
2993
3 283 529 266
2994
2 7 510
2995
3 22 209 43
2996
3 68 209 43
2997
3 209 43 63
2998
3 0 255 171
2999
5 0 0 84 0 0
3000
3 98 209 43
3001
3 59 209 43
3002
3 34 209 43
3003
4 59 134 175 43
3004
5 39 3 3 3 366
3005
1 317
3006
2 255 171
3007
3 44 9 72
3008
2 209 43
3009
2 0 510
3010
2 64 410
3011
3 9 72 52
3012
3 44 414 37
3013
3 161 23 274
3014
5 16 17 18 19 270
3015
6 97 16 17 18 19 270
3016
3 33 3 3
3017
4 54 89 89 89
3018
2 6 401
3019
6 6 12 258 210 157 0
3020
2 224 91
3021
4 103 73 259 314
3022
4 89 89 89 43
3023
4 15 129 23 11
3024
4 34 196 17 53
3025
3 44 179 122
3026
2 530 47
3027
4 262 83 237 97
3028
4 58 262 83 237
3029
2 59 309
3030
5 59 34 196 17 53
3031
3 15 326 92
3032
3 193 209 43
3033
4 7 40 44 184
3034
2 7 28
3035
2 98 87
3036
2 184 270
3037
1 87
3038
3 40 44 184
3039
2 58 184
3040
1 28
3041
2 36 152
3042
6 411 27 531 247 31 83
3043
2 39 207
3044
3 43 39 207
3045
3 118 39 207
3046
3 58 39 207
3047
5 411 73 31 210 126
3048
3 73 122 63
3049
4 73 122 63 3
3050
3 42 42 158
3051
3 73 122 91
3052
1 381
3053
3 247 39 207
3054
2 3 107
3055
2 44 0
3056
2 58 207
3057
2 21 207
3058
2 0 157
3059
2 106 134
3060
4 43 17 106 134
3061
3 17 106 134
3062
4 59 17 106 134
3063
3 175 4 258
3064
4 71 23 23 53
3065
2 36 44
3066
4 36 302 52 158
3067
2 199 472
3068
2 44 231
3069
3 0 145 253
3070
2 98 510
3071
2 20 467
3072
2 56 230
3073
2 90 510
3074
3 3 156 167
3075
2 226 73
3076
2 68 264
3077
2 156 167
3078
3 0 156 167
3079
2 158 84
3080
4 132 103 73 259
3081
3 15 105 54
3082
3 7 261 127
3083
3 247 106 134
3084
4 103 73 259 52
3085
2 251 39
3086
2 139 503
3087
2 261 127
3088
2 58 532
3089
3 21 0 153
3090
3 21 25 43
3091
3 90 255 39
3092
4 90 50 70 74
3093
2 117 42
3094
5 0 34 73 39 73
3095
4 34 73 39 73
3096
4 260 317 511 28
3097
3 51 105 25
3098
1 261
3099
5 125 99 99 109 31
3100
3 14 112 287
3101
2 180 261
3102
3 90 17 39
3103
3 33 36 23
3104
3 7 174 87
3105
5 411 27 134 134 171
3106
1 146
3107
2 68 345
3108
1 532
3109
2 533 89
3110
1 533
3111
3 132 304 325
3112
2 17 39
3113
3 15 17 39
3114
4 345 200 0 92
3115
2 172 265
3116
2 125 215
3117
3 137 17 39
3118
3 59 498 54
3119
2 15 265
3120
3 15 498 54
3121
3 125 171 511
3122
3 125 498 54
3123
5 41 39 43 253 3
3124
2 6 402
3125
2 224 328
3126
2 402 328
3127
2 0 224
3128
2 7 224
3129
1 224
3130
2 97 224
3131
4 12 41 3 3
3132
3 381 525 0
3133
4 59 41 3 3
3134
2 224 258
3135
2 0 329
3136
1 329
3137
2 15 224
3138
4 73 161 408 53
3139
3 0 324 37
3140
3 141 37 38
3141
3 113 527 3
3142
3 59 37 38
3143
4 188 105 450 32
3144
6 0 0 41 351 238 52
3145
3 22 73 122
3146
3 97 293 294
3147
2 12 22
3148
2 293 294
3149
1 152
3150
2 534 84
3151
3 141 283 196
3152
2 113 113
3153
3 59 45 0
3154
2 37 38
3155
3 6 37 38
3156
2 180 182
3157
2 381 59
3158
5 59 34 73 230 31
3159
7 12 76 76 13 3 4 32
3160
4 3 427 39 21
3161
5 320 116 0 23 53
3162
4 41 39 43 253
3163
2 22 223
3164
3 41 36 258
3165
2 0 152
3166
1 534
3167
3 113 283 196
3168
3 34 39 21
3169
2 15 534
3170
7 172 103 73 0 0 19 19
3171
2 137 48
3172
1 48
3173
2 48 328
3174
2 20 48
3175
5 44 39 73 17 208
3176
5 6 39 73 17 208
3177
2 36 287
3178
5 14 39 73 17 208
3179
1 287
3180
2 59 287
3181
5 1 39 73 17 208
3182
2 35 287
3183
3 36 46 47
3184
5 14 352 103 73 182
3185
4 352 103 73 182
3186
3 44 352 535
3187
3 59 352 535
3188
4 125 11 51 52
3189
3 43 154 21
3190
2 21 410
3191
5 78 176 105 54 106
3192
5 6 176 105 54 106
3193
4 3 3 3 366
3194
2 125 536
3195
3 146 352 53
3196
2 15 536
3197
2 21 515
3198
3 0 9 72
3199
2 26 196
3200
5 7 275 11 275 44
3201
2 154 21
3202
4 369 157 55 258
3203
3 44 238 91
3204
4 0 50 27 13
3205
2 238 91
3206
3 72 238 91
3207
2 206 503
3208
3 164 4 0
3209
1 235
3210
1 84
3211
4 6 9 36 537
3212
3 281 30 460
3213
3 7 309 44
3214
1 538
3215
4 43 9 36 537
3216
3 9 36 537
3217
4 59 9 36 537
3218
1 73
3219
3 50 27 13
3220
5 427 5 45 82 247
3221
3 6 0 238
3222
3 98 9 10
3223
3 36 9 10
3224
2 36 419
3225
2 9 10
3226
2 398 84
3227
1 539
3228
4 125 245 73 74
3229
3 20 240 240
3230
3 36 352 327
3231
2 43 539
3232
4 23 5 24 25
3233
2 59 184
3234
2 34 256
3235
2 21 539
3236
4 100 185 153 122
3237
4 44 37 2 0
3238
3 97 352 327
3239
4 36 37 2 0
3240
1 540
3241
1 233
3242
2 4 5
3243
2 509 19
3244
7 7 3 157 3 306 274 4
3245
3 6 46 47
3246
3 39 17 208
3247
2 0 60
3248
3 12 105 233
3249
4 36 40 39 28
3250
3 132 45 82
3251
4 43 40 39 28
3252
2 125 204
3253
3 23 5 131
3254
3 14 45 82
3255
2 9 397
3256
5 9 10 210 157 0
3257
3 40 39 28
3258
4 40 266 45 82
3259
4 58 40 39 28
3260
2 352 327
3261
3 30 31 32
3262
4 59 30 31 32
3263
3 15 23 39
3264
3 15 352 327
3265
3 15 34 256
3266
4 15 70 3 107
3267
3 127 109 31
3268
4 55 127 109 31
3269
2 55 40
3270
4 90 70 3 107
3271
3 7 324 37
3272
7 7 1 103 73 374 274 4
3273
2 324 37
3274
3 541 45 82
3275
2 40 39
3276
6 1 103 73 374 274 4
3277
3 21 324 37
3278
4 0 103 73 374
3279
2 98 182
3280
3 59 26 228
3281
4 34 73 230 31
3282
4 103 73 104 270
3283
1 419
3284
2 170 302
3285
5 1 276 200 521 28
3286
2 542 47
3287
2 7 48
3288
4 44 74 74 21
3289
3 74 74 21
3290
4 139 36 258 328
3291
4 139 36 258 28
3292
4 90 74 74 21
3293
4 113 113 27 543
3294
4 113 113 27 97
3295
4 113 113 27 357
3296
4 113 113 27 113
3297
2 97 497
3298
3 125 46 47
3299
5 391 0 69 544 74
3300
3 467 82 32
3301
5 39 9 0 317 158
3302
3 23 20 84
3303
2 22 144
3304
2 39 48
3305
3 0 90 111
3306
4 6 9 522 258
3307
3 36 139 545
3308
4 43 9 522 258
3309
5 14 215 0 60 258
3310
2 139 545
3311
3 9 522 258
3312
4 66 24 120 89
3313
3 97 24 120
3314
2 15 535
3315
2 59 535
3316
4 59 24 120 89
3317
1 535
3318
3 24 120 28
3319
3 24 120 89
3320
1 120
3321
3 12 275 275
3322
4 36 486 28 29
3323
4 36 302 52 28
3324
3 486 28 29
3325
1 396
3326
1 230
3327
2 271 91
3328
2 98 230
3329
3 118 94 247
3330
2 59 230
3331
4 59 51 105 171
3332
1 247
3333
2 175 69
3334
2 175 82
3335
2 175 0
3336
3 36 175 0
3337
3 26 44 230
3338
3 15 20 467
3339
1 82
3340
2 275 89
3341
2 125 524
3342
4 59 51 103 311
3343
1 524
3344
2 524 32
3345
5 44 103 73 69 63
3346
3 156 0 526
3347
2 440 28
3348
4 411 73 31 117
3349
3 103 73 259
3350
4 103 73 69 63
3351
5 125 103 73 69 63
3352
1 112
3353
5 58 103 73 69 63
3354
5 59 103 73 69 63
3355
2 59 112
3356
2 1 440
3357
1 503
3358
3 21 0 526
3359
1 68
3360
4 411 73 31 423
3361
5 12 411 73 31 423
3362
1 484
3363
2 34 524
3364
3 15 525 0
3365
1 55
3366
1 543
3367
4 3 179 0 73
3368
2 7 524
3369
3 175 69 91
3370
8 64 103 73 0 0 0 192 84
3371
2 125 440
3372
5 0 103 73 69 63
3373
2 12 361
3374
4 132 530 47 155
3375
5 103 73 69 63 28
3376
2 361 270
3377
3 118 152 253
3378
3 9 4 43
3379
5 411 73 31 423 152
3380
2 59 361
3381
2 34 440
3382
2 56 361
3383
2 503 84
3384
4 503 283 529 266
3385
2 172 82
3386
3 240 284 328
3387
2 59 546
3388
2 27 204
3389
2 73 366
3390
4 3 73 39 73
3391
3 3 0 10
3392
3 41 11 317
3393
5 6 26 73 175 82
3394
4 117 3 0 10
3395
4 324 3 0 10
3396
2 0 74
3397
3 324 0 74
3398
4 118 3 0 10
3399
4 59 41 11 317
3400
3 90 100 266
3401
4 125 3 0 10
3402
3 7 240 284
3403
4 41 11 317 84
3404
3 240 284 28
3405
4 1 34 73 366
3406
1 16
3407
2 90 111
3408
3 3 213 547
3409
3 66 55 258
3410
7 98 103 73 0 0 0 192
3411
4 12 118 152 253
3412
3 133 185 231
3413
1 69
3414
2 58 322
3415
2 141 322
3416
3 67 274 4
3417
3 68 274 4
3418
3 0 74 91
3419
1 425
3420
3 1 0 74
3421
2 4 157
3422
3 125 27 117
3423
5 7 90 324 19 32
3424
4 247 324 19 32
3425
3 39 27 117
3426
4 40 39 0 74
3427
2 467 171
3428
2 334 93
3429
3 22 334 93
3430
5 9 19 19 44 258
3431
3 54 179 44
3432
3 54 179 0
3433
2 215 113
3434
2 34 87
3435
3 54 179 117
3436
2 73 225
3437
2 198 3
3438
2 0 145
3439
6 6 189 157 189 157 74
3440
3 117 184 39
3441
5 189 157 189 157 74
3442
4 74 187 179 188
3443
5 360 7 137 23 122
3444
4 7 137 23 122
3445
3 125 190 16
3446
3 185 190 16
3447
6 281 107 196 45 82 409
3448
6 7 59 0 0 0 44
3449
2 191 191
3450
2 39 54
3451
5 59 0 0 0 44
3452
2 489 97
3453
5 66 0 0 0 44
3454
5 0 0 0 0 44
3455
3 125 189 0
3456
2 11 480
3457
2 113 3
3458
5 113 0 0 0 44
3459
2 159 74
3460
4 6 70 3 107
3461
2 74 63
3462
4 59 70 3 107
3463
3 74 179 54
3464
2 548 28
3465
4 3 94 194 16
3466
4 58 94 194 16
3467
3 94 194 16
3468
4 74 94 194 16
3469
3 44 383 153
3470
4 0 44 39 73
3471
4 59 44 39 73
3472
5 64 103 73 0 63
3473
2 117 383
3474
3 98 74 63
3475
2 141 402
3476
2 180 149
3477
2 44 192
3478
3 44 146 548
3479
2 0 548
3480
1 548
3481
2 113 548
3482
2 15 548
3483
6 6 9 94 210 54 0
3484
2 399 317
3485
2 34 201
3486
2 146 548
3487
3 36 159 74
3488
2 375 44
3489
5 180 283 41 157 152
3490
4 130 39 73 378
3491
4 283 41 157 152
3492
3 185 273 0
3493
3 59 273 0
3494
3 179 179 32
3495
2 117 184
3496
4 117 193 109 471
3497
3 12 117 184
3498
3 193 109 471
3499
4 7 247 258 53
3500
3 44 179 179
3501
2 273 0
3502
4 0 0 205 179
3503
3 40 273 0
3504
4 59 426 427 157
3505
3 90 34 234
3506
4 44 40 39 54
3507
3 40 39 54
3508
4 40 39 54 158
3509
4 59 40 39 54
3510
2 170 211
3511
4 209 210 0 218
3512
3 59 170 211
3513
2 44 549
3514
1 549
3515
2 93 211
3516
2 74 211
3517
2 36 549
3518
2 43 211
3519
4 14 40 39 54
3520
4 1 40 39 54
3521
3 6 83 0
3522
3 39 83 0
3523
2 6 179
3524
3 59 83 0
3525
4 3 213 209 43
3526
4 39 83 0 53
3527
4 70 273 39 54
3528
1 515
3529
3 147 52 131
3530
2 83 0
3531
4 125 139 320 53
3532
2 6 184
3533
3 6 184 0
3534
4 3 107 306 97
3535
5 117 9 4 43 52
3536
2 255 39
3537
3 98 255 39
3538
4 7 139 320 53
3539
2 125 152
3540
3 59 6 184
3541
3 78 103 158
3542
4 426 427 157 314
3543
3 54 260 31
3544
3 527 3 278
3545
3 22 273 0
3546
3 297 95 20
3547
2 273 74
3548
2 98 54
3549
3 36 273 74
3550
2 44 221
3551
3 14 103 158
3552
3 15 103 158
3553
2 68 219
3554
2 6 219
3555
4 98 54 260 31
3556
2 1 117
3557
4 7 550 73 53
3558
3 6 26 418
3559
3 180 26 418
3560
3 132 73 161
3561
3 118 26 418
3562
2 26 418
3563
3 58 73 161
3564
4 430 52 73 161
3565
3 6 550 73
3566
2 73 161
3567
3 73 161 52
3568
3 93 273 74
3569
3 14 73 161
3570
4 94 247 37 91
3571
3 15 169 13
3572
2 7 551
3573
2 44 243
3574
1 243
3575
2 0 243
3576
3 97 5 0
3577
2 5 0
3578
2 43 243
3579
3 43 23 39
3580
2 59 54
3581
1 551
3582
4 90 40 39 179
3583
4 238 40 39 179
3584
2 54 260
3585
3 44 54 260
3586
3 137 54 260
3587
3 3 107 306
3588
3 36 54 260
3589
2 36 297
3590
2 3 161
3591
3 6 23 39
3592
1 161
3593
2 66 161
3594
2 0 31
3595
2 23 39
3596
2 90 301
3597
2 50 28
3598
4 3 107 306 218
3599
5 6 94 247 37 91
3600
1 297
3601
2 297 29
3602
3 70 54 260
3603
4 93 40 39 179
3604
3 12 50 92
3605
2 217 63
3606
3 5 0 39
3607
2 20 308
3608
2 20 258
3609
3 184 184 74
3610
2 176 113
3611
3 14 50 92
3612
4 59 289 27 93
3613
3 59 4 0
3614
2 146 297
3615
1 245
3616
2 245 32
3617
2 245 28
3618
3 98 40 206
3619
3 9 10 245
3620
3 90 263 311
3621
2 20 312
3622
2 43 312
3623
1 312
3624
2 36 245
3625
4 70 36 19 19
3626
1 81
3627
3 250 3 0
3628
1 248
3629
2 59 248
3630
5 15 17 257 17 257
3631
3 170 185 170
3632
2 117 230
3633
2 43 92
3634
3 345 27 93
3635
3 0 0 45
3636
5 17 257 17 257 121
3637
2 34 230
3638
3 387 39 73
3639
6 172 238 82 36 19 19
3640
2 78 502
3641
2 44 502
3642
2 97 502
3643
1 502
3644
3 377 255 39
3645
3 15 255 39
3646
2 15 502
3647
2 125 377
3648
1 552
3649
4 113 70 17 97
3650
3 255 39 53
3651
2 6 518
3652
6 180 193 236 70 17 97
3653
6 0 193 236 70 17 97
3654
1 518
3655
3 7 255 39
3656
2 44 518
3657
2 256 89
3658
2 97 518
3659
3 74 34 288
3660
7 98 3 249 200 73 0 92
3661
4 64 200 331 44
3662
2 36 518
3663
2 59 518
3664
3 298 0 157
3665
2 172 518
3666
2 6 474
3667
1 474
3668
2 6 538
3669
2 267 92
3670
3 22 267 92
3671
3 117 267 92
3672
5 6 99 99 109 31
3673
3 74 30 405
3674
3 64 100 266
3675
3 44 95 196
3676
3 7 187 50
3677
4 187 50 9 10
3678
2 187 21
3679
3 6 40 206
3680
2 187 50
3681
2 187 253
3682
2 44 258
3683
2 98 258
3684
2 125 174
3685
4 50 51 52 74
3686
3 1 323 3
3687
5 90 82 82 82 82
3688
4 15 9 0 171
3689
2 164 258
3690
3 6 0 213
3691
3 6 254 106
3692
3 273 39 54
3693
3 273 39 44
3694
2 78 553
3695
3 7 254 106
3696
2 247 111
3697
2 0 553
3698
2 113 111
3699
4 59 70 17 97
3700
3 7 275 275
3701
3 274 270 0
3702
3 274 270 74
3703
3 274 270 21
3704
4 59 30 275 275
3705
3 59 215 127
3706
2 171 52
3707
3 161 23 153
3708
2 36 171
3709
2 185 171
3710
3 59 34 87
3711
1 171
3712
1 145
3713
3 59 159 74
3714
2 34 171
3715
4 507 158 34 155
3716
3 44 34 155
3717
5 66 132 19 19 213
3718
2 34 155
3719
3 90 34 155
3720
2 90 279
3721
5 90 132 19 19 213
3722
5 17 257 17 257 91
3723
2 3 213
3724
3 95 73 37
3725
4 6 95 73 37
3726
2 20 256
3727
2 0 213
3728
4 9 19 19 54
3729
3 51 105 5
3730
2 298 256
3731
2 15 256
3732
2 1 256
3733
2 90 256
3734
6 98 189 157 189 157 74
3735
4 64 180 37 153
3736
4 0 161 23 262
3737
5 247 9 19 19 54
3738
3 285 238 82
3739
2 70 115
3740
3 94 247 92
3741
4 125 94 247 92
3742
2 39 548
3743
2 175 200
3744
3 36 175 200
3745
2 44 548
3746
4 36 54 0 52
3747
2 36 548
3748
1 286
3749
2 139 286