1 啊
4 0,1,2,0
2 阿
3 1,2,0
3 埃
3 3,4,5
4 挨
3 6,4,5
5 哎
3 0,7,8
6 唉
3 0,4,5
7 哀
3 9,10,0
8 皚
3 11,12,13
9 癌
5 14,0,0,0,12
10 藹
6 7,15,16,17,18,19
11 矮
3 5,20,21
12 艾
2 7,8
13 礙
5 22,23,5,24,25
14 愛
4 26,27,28,29
15 隘
4 1,30,31,32
16 鞍
3 33,34,21
17 氨
3 35,34,21
18 安
2 34,21
19 俺
3 36,37,38
20 按
3 6,34,21
21 暗
3 39,40,39
22 岸
3 12,41,42
23 胺
3 43,34,21
24 案
3 34,21,44
25 肮
3 43,9,45
26 昂
3 39,46,47
27 盎
2 48,32
28 凹
1 49
29 敖
3 50,51,52
30 熬
4 50,51,52,53
31 翱
4 11,37,54,55
32 襖
2 56,57
33 傲
4 36,50,51,52
34 奧
1 57
35 懊
2 58,57
36 澳
2 59,57
37 芭
2 7,60
38 扒
2 6,31
39 叭
2 0,31
40 吧
2 0,60
41 笆
2 61,60
42 八
1 31
43 疤
2 14,60
44 巴
1 60
45 拔
2 6,62
46 跋
2 63,62
47 靶
2 33,60
48 把
2 6,60
49 耙
2 64,60
50 壩
4 3,65,33,66
51 霸
3 65,33,66
52 罷
4 67,68,23,23
53 爸
2 69,60
54 白
1 11
55 柏
2 44,11
56 百
2 70,11
57 擺
5 6,67,68,23,23
58 佰
3 36,70,11
59 敗
2 71,52
60 拜
3 72,70,73
61 稗
3 20,74,54
62 斑
3 75,76,75
63 班
3 75,77,75
64 搬
4 6,78,45,79
65 扳
3 6,41,79
66 般
3 78,45,79
67 頒
3 31,80,81
68 板
3 44,41,79
69 版
3 82,41,79
70 扮
3 6,31,80
71 拌
2 6,83
72 伴
2 36,83
73 瓣
3 84,85,84
74 半
1 83
75 辦
3 84,86,84
76 絆
2 87,83
77 邦
2 73,88
78 幫
5 3,3,89,11,90
79 梆
3 44,73,88
80 榜
5 44,9,91,27,51
81 膀
5 43,9,91,27,51
82 綁
3 87,73,88
83 棒
3 44,92,93
84 磅
5 22,9,91,27,51
85 蚌
2 94,73
86 鎊
5 95,9,91,27,51
87 傍
5 36,9,91,27,51
88 謗
5 15,9,91,27,51
89 苞
3 7,17,96
90 胞
3 43,17,96
91 包
2 17,96
92 褒
5 9,10,36,0,44
93 剝
3 97,98,99
94 薄
4 7,59,100,89
95 雹
3 65,17,96
96 保
3 36,0,44
97 堡
4 36,0,44,3
98 飽
5 101,70,102,17,96
99 寶
6 34,75,103,54,104,71
100 抱
3 6,17,96
101 暴
4 39,105,31,98
102 豹
2 106,107
103 鮑
3 108,17,96
104 爆
5 109,39,105,31,98
105 杯
2 44,110
106 碑
3 22,74,54
107 悲
2 111,28
108 卑
2 74,54
109 北
2 112,23
110 輩
2 111,113
111 背
3 112,23,43
112 貝
1 71
113 鋇
2 95,71
114 倍
3 36,40,0
115 狽
2 114,71
116 焙
3 109,40,0
117 被
2 56,115
118 奔
3 37,54,116
119 苯
2 7,117
120 本
1 117
121 笨
2 61,117
122 崩
3 12,66,66
123 繃
4 87,12,66,66
124 甭
2 110,118
125 泵
2 22,119
126 蹦
4 63,12,66,66
127 迸
4 120,91,70,116
128 逼
3 120,121,122
129 鼻
1 123
130 比
2 124,23
131 鄙
3 0,125,88
132 筆
2 61,126
133 彼
2 127,115
134 碧
3 75,11,22
135 蓖
5 7,128,129,124,23
136 蔽
3 7,130,52
137 畢
1 131
138 斃
4 130,52,132,23
139 毖
3 124,23,133
140 幣
3 130,52,90
141 庇
3 134,124,23
142 痹
3 14,122,135
143 閉
2 136,137
144 敝
2 130,52
145 弊
3 130,52,116
146 必
1 133
147 辟
2 138,84
148 壁
3 138,84,3
149 臂
3 138,84,43
150 避
3 120,138,84
151 陛
4 1,124,23,3
152 鞭
3 33,36,139
153 邊
4 120,140,141,51
154 編
3 87,142,143
155 貶
2 71,144
156 扁
2 142,143
157 便
2 36,139
158 變
2 145,52
159 卞
1 146
160 辨
3 84,77,84
161 辯
3 84,147,84
162 辮
3 84,148,84
163 遍
3 120,142,143
164 標
3 44,149,150
165 彪
3 151,152,153
166 膘
3 43,149,150
167 表
2 154,10
168 鱉
3 130,52,108
169 憋
3 130,52,28
170 癟
5 14,140,101,70,143
171 彬
3 44,44,153
172 斌
3 76,155,156
173 瀕
4 59,156,157,81
174 濱
5 59,34,70,157,71
175 賓
4 34,70,157,71
176 擯
5 6,34,70,157,71
177 兵
2 158,31
178 冰
2 159,119
179 柄
3 44,70,160
180 丙
2 70,160
181 秉
1 161
182 餅
6 101,70,102,91,70,116
183 炳
3 109,70,160
184 病
3 14,70,160
185 並
2 30,162
186 玻
2 75,115
187 菠
3 7,59,115
188 播
3 6,163,122
189 撥
5 6,164,165,45,79
190 缽
4 103,54,104,117
191 波
2 59,115
192 博
3 54,100,89
193 勃
4 54,27,166,86
194 搏
3 6,100,89
195 鉑
2 95,11
196 箔
3 61,59,11
197 伯
2 36,11
198 帛
2 11,90
199 舶
2 78,11
200 脖
4 43,54,27,166
201 膊
3 43,100,89
202 渤
5 59,54,27,166,86
203 泊
2 59,11
204 駁
2 167,168
205 捕
2 6,100
206 蔔
4 7,17,121,122
207 哺
2 0,100
208 補
2 56,100
209 埠
3 3,169,54
210 不
1 110
211 布
2 170,90
212 步
2 156,157
213 簿
4 61,59,100,89
214 部
3 40,0,88
215 怖
3 58,170,90
216 擦
5 6,34,171,172,150
217 猜
2 114,173
218 裁
4 54,174,9,10
219 材
2 44,137
220 才
1 137
221 財
2 71,137
222 睬
3 175,26,44
223 踩
3 63,26,44
224 采
2 26,44
225 彩
3 26,44,153
226 菜
3 7,26,44
227 蔡
4 7,171,172,150
228 餐
5 176,79,101,70,177
229 參
5 4,4,4,101,153
230 蠶
5 178,178,39,94,94
231 殘
3 132,174,174
232 慚
3 58,113,179
233 慘
6 58,4,4,4,101,153
234 燦
4 109,176,79,180
235 蒼
5 7,101,70,181,0
236 艙
5 78,101,70,181,0
237 倉
4 101,70,181,0
238 滄
5 59,101,70,181,0
239 藏
4 7,182,174,183
240 操
5 6,0,0,0,44
241 糙
4 180,120,184,0
242 槽
3 44,185,16
243 曹
2 185,16
244 草
3 7,39,54
245 廁
3 134,71,99
246 策
2 61,186
247 側
3 36,71,99
248 冊
1 187
249 測
3 59,71,99
250 層
4 188,91,189,16
251 蹭
4 63,91,189,16
252 插
3 6,190,191
253 叉
1 192
254 茬
3 7,193,3
255 茶
3 7,101,44
256 查
3 44,39,70
257 碴
4 22,44,39,70
258 搽
4 6,7,101,44
259 察
4 34,171,172,150
260 岔
3 31,80,12
261 差
2 194,195
262 詫
3 15,34,196
263 拆
2 6,197
264 柴
3 156,23,44
265 豺
2 106,137
266 攙
3 6,198,199
267 摻
6 6,4,4,4,101,153
268 蟬
4 94,0,0,200
269 饞
5 101,70,102,198,199
270 讒
3 15,198,199
271 纏
5 87,134,201,31,3
272 鏟
4 95,76,41,202
273 產
3 76,41,202
274 闡
4 136,0,0,200
275 顫
4 125,39,70,81
276 昌
2 39,16
277 猖
3 114,39,16
278 場
5 3,39,70,17,203
279 嘗
5 204,205,0,23,39
280 常
4 204,205,0,90
281 長
1 206
282 償
5 36,204,205,0,71
283 腸
5 43,39,70,17,203
284 廠
5 134,204,205,0,52
285 敞
4 204,205,0,52
286 暢
5 207,39,70,17,203
287 唱
3 0,39,16
288 倡
3 36,39,16
289 超
4 3,208,80,0
290 抄
2 6,209
291 鈔
2 95,209
292 朝
4 54,39,54,66
293 嘲
5 0,54,39,54,66
294 潮
5 59,54,39,54,66
295 巢
2 210,211
296 吵
2 0,209
297 炒
2 109,209
298 車
1 113
299 扯
2 6,156
300 撤
5 6,9,4,43,52
301 掣
3 212,99,213
302 徹
5 127,9,4,43,52
303 澈
5 59,9,4,43,52
304 郴
3 44,44,88
305 臣
1 183
306 辰
1 214
307 塵
2 215,3
308 晨
2 39,214
309 忱
2 58,216
310 沉
3 59,27,152
311 陳
2 1,217
312 趁
4 3,208,101,153
313 襯
4 56,40,44,218
314 撐
5 6,204,205,0,219
315 稱
3 20,26,220
316 城
3 3,221,222
317 橙
3 44,164,13
318 成
2 221,222
319 呈
2 0,223
320 乘
3 20,112,23
321 程
3 20,0,223
322 懲
6 127,12,70,223,52,28
323 澄
3 59,164,13
324 誠
3 15,221,222
325 承
1 224
326 逞
3 120,0,223
327 騁
3 167,225,226
328 秤
2 20,227
329 吃
3 0,103,228
330 癡
5 14,23,5,24,25
331 持
3 6,50,89
332 匙
3 39,229,23
333 池
2 59,230
334 遲
4 120,188,231,232
335 弛
2 165,230
336 馳
2 167,230
337 恥
2 233,28
338 齒
1 234
339 侈
3 36,235,235
340 尺
1 236
341 赤
1 237
342 翅
2 238,55
343 斥
1 197
344 熾
4 109,40,39,174
345 充
2 239,152
346 沖
2 59,240
347 蟲
3 94,94,94
348 崇
3 12,34,150
349 寵
2 34,241
350 抽
2 6,225
351 酬
2 242,243
352 疇
7 122,3,244,195,70,0,89
353 躊
7 63,3,244,195,70,0,89
354 稠
4 20,245,3,0
355 愁
3 20,109,28
356 籌
7 61,3,244,195,70,0,89
357 仇
2 36,246
358 綢
4 87,245,3,0
359 瞅
3 175,20,109
360 醜
2 242,247
361 臭
2 140,248
362 初
2 56,80
363 出
2 249,104
364 櫥
5 44,134,54,13,89
365 廚
4 134,54,13,89
366 躇
4 63,7,250,39
367 鋤
3 95,251,86
368 雛
5 17,252,17,252,253
369 滁
5 59,1,101,70,254
370 除
4 1,101,70,254
371 楚
3 44,44,25
372 礎
4 22,44,44,25
373 儲
4 36,15,250,39
374 矗
6 54,255,54,255,54,255
375 搐
3 6,256,122
376 觸
4 257,67,17,94
377 處
3 151,258,45
378 揣
3 6,12,259
379 川
1 260
380 穿
2 141,219
381 椽
3 44,97,261
382 傳
3 36,262,89
383 船
3 78,31,0
384 喘
3 0,12,259
385 串
1 263
386 瘡
5 14,101,70,181,0
387 窗
2 141,264
388 幢
3 90,40,201
389 床
2 134,44
390 闖
2 136,167
391 創
5 101,70,181,0,99
392 吹
2 0,265
393 炊
2 109,265
394 捶
2 6,266
395 錘
2 95,266
396 垂
1 266
397 春
2 92,39
398 椿
3 44,92,39
399 醇
4 242,9,0,166
400 唇
2 214,0
401 淳
4 59,9,0,166
402 純
2 87,267
403 蠢
4 92,39,94,94
404 戳
3 55,253,174
405 綽
4 87,268,39,54
406 疵
3 14,156,23
407 茨
3 7,269,265
408 磁
4 22,30,270,270
409 雌
3 156,23,253
410 辭
5 271,24,272,79,84
411 慈
4 30,270,270,28
412 瓷
3 269,265,273
413 詞
3 15,222,121
414 此
2 156,23
415 刺
2 186,99
416 賜
4 71,39,17,203
417 次
2 269,265
418 聰
2 233,274
419 蔥
2 7,274
420 囪
1 264
421 匆
2 17,275
422 從
4 127,19,19,208
423 叢
4 276,277,233,79
424 湊
4 59,92,70,37
425 粗
2 180,251
426 醋
3 242,105,39
427 簇
4 61,51,103,5
428 促
3 36,0,208
429 躥
3 63,141,278
430 篡
4 61,175,37,4
431 竄
2 141,278
432 摧
3 6,12,253
433 崔
2 12,253
434 催
3 36,12,253
435 脆
4 43,279,41,280
436 瘁
5 14,9,19,19,54
437 粹
5 180,9,19,19,54
438 淬
5 59,9,19,19,54
439 翠
5 55,9,19,19,54
440 村
2 44,89
441 存
2 193,166
442 寸
1 89
443 磋
3 22,194,195
444 撮
4 6,281,233,79
445 搓
3 6,194,195
446 措
3 6,105,39
447 挫
2 6,282
448 錯
3 95,105,39
449 搭
5 6,7,101,70,0
450 達
3 120,3,283
451 答
4 61,101,70,0
452 瘩
5 14,7,101,70,0
453 打
2 6,284
454 大
1 37
455 呆
2 0,44
456 歹
1 132
457 傣
3 36,92,98
458 戴
5 54,174,122,105,31
459 帶
3 285,27,90
460 殆
3 132,4,0
461 代
2 36,286
462 貸
3 36,286,71
463 袋
4 36,286,9,10
464 待
3 127,50,89
465 逮
2 120,287
466 怠
3 4,0,28
467 耽
2 233,216
468 擔
5 6,279,41,152,147
469 丹
1 288
470 單
3 0,0,200
471 鄲
4 0,0,200,88
472 撣
4 6,0,0,200
473 膽
5 43,279,41,152,147
474 旦
2 39,70
475 氮
3 35,109,109
476 但
3 36,39,70
477 憚
4 58,0,0,200
478 淡
3 59,109,109
479 誕
3 15,289,290
480 彈
4 165,0,0,200
481 蛋
2 25,94
482 當
4 204,205,0,122
483 擋
5 6,204,205,0,122
484 黨
4 204,205,0,291
485 蕩
6 7,59,39,70,17,203
486 檔
5 44,204,205,0,122
487 刀
1 80
488 搗
3 6,292,12
489 蹈
3 63,26,191
490 倒
3 36,293,99
491 島
2 292,12
492 禱
7 294,3,244,195,70,0,89
493 導
3 120,295,89
494 到
2 293,99
495 稻
3 20,26,191
496 悼
4 58,268,39,54
497 道
2 120,295
498 盜
3 59,265,32
499 德
5 127,54,67,70,28
500 得
2 127,296
501 的
2 11,107
502 蹬
3 63,164,13
503 燈
3 109,164,13
504 登
2 164,13
505 等
3 61,50,89
506 瞪
3 175,164,13
507 凳
3 164,13,45
508 鄧
3 164,13,88
509 堤
3 3,39,229
510 低
3 36,297,70
511 滴
6 59,9,91,205,54,0
512 迪
2 120,225
513 敵
6 9,91,205,54,0,52
514 笛
2 61,225
515 狄
2 114,109
516 滌
5 59,36,298,52,44
517 翟
2 55,253
518 嫡
6 21,9,91,205,54,0
519 抵
3 6,297,70
520 底
3 134,297,70
521 地
2 3,230
522 蒂
5 7,9,91,27,90
523 第
2 61,299
524 帝
4 9,91,27,90
525 弟
2 91,299
526 遞
4 120,300,151,152
527 締
5 87,9,91,27,90
528 顛
4 54,255,31,81
529 掂
4 6,134,268,0
530 滇
4 59,54,255,31
531 碘
3 22,301,31
532 點
3 291,268,0
533 典
2 301,31
534 靛
3 173,34,229
535 墊
4 3,277,302,3
536 電
2 65,303
537 佃
2 36,122
538 甸
2 17,122
539 店
3 134,268,0
540 惦
4 58,134,268,0
541 奠
3 91,242,37
542 澱
6 59,188,105,31,45,79
543 殿
5 188,105,31,45,79
544 碉
4 22,245,3,0
545 叼
3 0,222,70
546 雕
4 245,3,0,253
547 凋
4 159,245,3,0
548 刁
2 222,70
549 掉
4 6,268,39,54
550 吊
2 0,90
551 釣
2 95,107
552 調
4 15,245,3,0
553 跌
2 63,304
554 爹
3 69,235,235
555 碟
3 22,305,44
556 蝶
3 94,305,44
557 迭
2 120,304
558 諜
3 15,305,44
559 疊
5 122,122,122,27,251
560 丁
1 284
561 盯
2 175,284
562 叮
2 0,284
563 釘
2 95,284
564 頂
2 284,81
565 鼎
1 306
566 錠
3 95,34,229
567 定
2 34,229
568 訂
2 15,284
569 丟
3 70,3,4
570 東
1 217
571 冬
2 258,307
572 董
2 7,308
573 懂
3 58,7,308
574 動
2 308,86
575 棟
2 44,217
576 侗
3 36,205,121
577 恫
3 58,205,121
578 凍
2 159,217
579 洞
3 59,205,121
580 兜
4 46,11,309,152
581 抖
2 6,310
582 鬥
1 311
583 陡
3 1,3,208
584 豆
1 13
585 逗
2 120,13
586 痘
2 14,13
587 都
3 250,39,88
588 督
4 312,313,79,175
589 毒
2 154,314
590 犢
4 315,50,67,71
591 獨
4 114,67,17,94
592 讀
4 15,50,67,71
593 堵
3 3,250,39
594 睹
3 175,250,39
595 賭
3 71,250,39
596 杜
2 44,3
597 鍍
4 95,134,316,79
598 肚
2 43,3
599 度
3 134,316,79
600 渡
4 59,134,316,79
601 妒
2 21,142
602 端
3 40,12,259
603 短
2 5,13
604 鍛
4 95,317,45,79
605 段
3 317,45,79
606 斷
7 18,270,270,70,270,270,179
607 緞
4 87,317,45,79
608 堆
2 3,253
609 兌
1 318
610 隊
2 1,319
611 對
4 276,277,70,89
612 墩
5 3,9,0,166,52
613 噸
3 0,267,81
614 蹲
4 63,91,242,89
615 敦
4 9,0,166,52
616 頓
2 267,81
617 囤
2 320,267
618 鈍
2 95,267
619 盾
2 300,321
620 遁
3 120,300,321
621 掇
5 6,79,79,79,79
622 哆
3 0,235,235
623 多
2 235,235
624 奪
3 37,253,89
625 垛
3 3,45,44
626 躲
3 322,45,44
627 朵
2 45,44
628 跺
3 63,45,44
629 舵
3 78,34,23
630 剁
3 45,44,99
631 惰
4 58,170,195,43
632 墮
5 1,170,195,43,3
633 蛾
2 94,323
634 峨
2 12,323
635 鵝
2 323,324
636 俄
2 36,323
637 額
4 34,258,0,81
638 訛
3 15,36,23
639 娥
2 21,323
640 惡
2 325,28
641 厄
2 41,280
642 扼
3 6,41,280
643 遏
5 120,16,17,18,19
644 鄂
5 0,0,70,226,88
645 餓
4 101,70,102,323
646 恩
3 320,37,28
647 而
1 259
648 兒
2 191,152
649 耳
1 233
650 爾
2 70,326
651 餌
4 101,70,102,233
652 洱
2 59,233
653 二
1 269
654 貳
3 286,269,71
655 發
4 164,165,45,79
656 罰
3 67,15,99
657 筏
3 61,36,174
658 伐
2 36,174
659 乏
1 144
660 閥
3 136,36,174
661 法
3 59,3,4
662 琺
4 75,59,3,4
663 藩
4 7,59,163,122
664 帆
2 90,327
665 番
2 163,122
666 翻
3 163,122,55
667 樊
5 44,129,129,44,37
668 礬
6 44,129,129,44,37,22
669 釩
2 95,327
670 繁
4 103,328,52,148
671 凡
1 327
672 煩
2 109,81
673 反
2 41,79
674 返
3 120,41,79
675 範
3 61,113,280
676 販
3 71,41,79
677 犯
2 114,280
678 飯
5 101,70,102,41,79
679 泛
2 59,144
680 坊
2 3,51
681 芳
2 7,51
682 方
1 51
683 肪
2 43,51
684 房
2 142,51
685 防
2 1,51
686 妨
2 21,51
687 仿
2 36,51
688 訪
2 15,51
689 紡
2 87,51
690 放
2 51,52
691 菲
2 7,111
692 非
1 111
693 啡
2 0,111
694 飛
1 329
695 肥
2 43,60
696 匪
2 330,111
697 誹
2 15,111
698 吠
2 0,248
699 肺
2 43,331
700 廢
5 134,164,165,45,79
701 沸
2 59,332
702 費
2 332,71
703 芬
3 7,31,80
704 酚
3 242,31,80
705 吩
3 0,31,80
706 氛
3 35,31,80
707 分
2 31,80
708 紛
3 87,31,80
709 墳
4 3,54,7,71
710 焚
3 44,44,109
711 汾
3 59,31,80
712 粉
3 180,31,80
713 奮
3 37,253,122
714 份
3 36,31,80
715 忿
3 31,80,28
716 憤
4 58,54,7,71
717 糞
4 180,122,105,31
718 豐
4 12,73,73,13
719 封
3 3,3,89
720 楓
2 44,333
721 蜂
3 94,258,73
722 峰
3 12,258,73
723 鋒
3 95,258,73
724 風
1 333
725 瘋
2 14,333
726 烽
3 109,258,73
727 逢
3 120,258,73
728 馮
2 159,167
729 縫
4 87,120,258,73
730 諷
2 15,333
731 奉
2 92,93
732 鳳
3 334,70,324
733 佛
2 36,332
734 否
2 110,0
735 夫
1 335
736 敷
3 100,51,52
737 膚
3 151,122,43
738 孵
4 336,337,26,166
739 扶
2 6,335
740 拂
2 6,332
741 輻
3 113,121,122
742 幅
3 90,121,122
743 氟
2 35,332
744 符
3 61,36,89
745 伏
2 36,248
746 俘
3 36,26,166
747 浮
3 59,26,166
748 涪
3 59,40,0
749 福
3 294,121,122
750 袱
3 56,36,248
751 弗
1 332
752 甫
1 100
753 撫
5 6,103,338,70,53
754 輔
2 113,100
755 俯
4 36,134,36,89
756 釜
2 69,339
757 斧
2 69,179
758 脯
2 43,100
759 腑
4 43,134,36,89
760 府
3 134,36,89
761 腐
4 134,36,89,43
762 赴
3 3,208,340
763 副
3 121,122,99
764 覆
5 149,127,103,39,29
765 賦
3 71,155,156
766 複
4 56,103,39,29
767 傅
3 36,100,89
768 付
2 36,89
769 阜
2 169,54
770 父
1 69
771 腹
4 43,103,39,29
772 負
2 279,71
773 富
3 34,121,122
774 訃
2 15,340
775 附
3 1,36,89
776 婦
4 21,341,27,90
777 縛
3 87,100,89
778 咐
3 0,36,89
779 噶
6 0,7,16,17,18,19
780 嘎
3 0,342,174
781 該
4 15,9,343,19
782 改
2 344,52
783 概
3 44,102,178
784 鈣
2 95,345
785 蓋
4 7,3,4,32
786 溉
3 59,102,178
787 幹
5 54,39,54,101,42
788 甘
1 346
789 杆
2 44,42
790 柑
2 44,346
791 竿
2 61,42
792 肝
2 43,42
793 趕
4 3,208,39,42
794 感
4 221,70,0,28
795 稈
3 20,39,42
796 敢
3 347,233,52
797 贛
6 40,39,54,258,195,71
798 岡
3 205,30,12
799 剛
4 205,30,12,99
800 鋼
4 95,205,30,12
801 缸
4 103,54,104,195
802 肛
2 43,195
803 綱
4 87,205,30,12
804 崗
4 12,205,30,12
805 港
4 59,105,31,96
806 杠
2 44,195
807 篙
5 61,9,0,205,0
808 皋
3 11,37,54
809 高
4 9,0,205,0
810 膏
5 9,0,205,0,43
811 羔
2 348,53
812 糕
3 180,348,53
813 搞
5 6,9,0,205,0
814 鎬
5 95,9,0,205,0
815 稿
5 20,9,0,205,0
816 告
2 184,0
817 哥
4 2,0,2,0
818 歌
5 2,0,2,0,265
819 擱
4 6,136,258,0
820 戈
1 174
821 鴿
4 101,70,0,324
822 胳
3 43,258,0
823 疙
3 14,103,228
824 割
4 34,73,0,99
825 革
1 33
826 葛
5 7,16,17,18,19
827 格
3 44,258,0
828 蛤
4 94,101,70,0
829 閣
3 136,258,0
830 隔
2 1,349
831 鉻
3 95,258,0
832 個
4 36,320,54,0
833 各
2 258,0
834 給
4 87,101,70,0
835 根
2 44,177
836 跟
2 63,177
837 耕
2 64,350
838 更
1 139
839 庚
2 134,351
840 羹
4 348,53,348,37
841 埂
2 3,139
842 耿
2 233,109
843 梗
2 44,139
844 工
1 195
845 攻
2 195,52
846 功
2 195,86
847 恭
3 105,31,352
848 龔
3 241,105,31
849 供
3 36,105,31
850 躬
2 322,165
851 公
2 31,4
852 宮
2 34,353
853 弓
1 165
854 鞏
3 195,327,33
855 汞
2 195,119
856 拱
3 6,105,31
857 貢
2 195,71
858 共
2 105,31
859 鉤
3 95,17,0
860 勾
2 17,4
861 溝
3 59,354,220
862 苟
3 7,17,0
863 狗
3 114,17,0
864 垢
3 3,300,121
865 構
3 44,354,220
866 購
3 71,354,220
867 夠
4 235,235,17,0
868 辜
3 54,0,84
869 菇
4 7,21,54,0
870 咕
3 0,54,0
871 箍
4 61,6,330,90
872 估
3 36,54,0
873 沽
3 59,54,0
874 孤
2 166,85
875 姑
3 21,54,0
876 鼓
1 355
877 古
2 54,0
878 蠱
4 94,94,94,32
879 骨
1 356
880 谷
1 357
881 股
3 43,45,79
882 故
3 54,0,52
883 顧
3 142,253,81
884 固
3 320,54,0
885 雇
2 142,253
886 刮
3 190,0,99
887 瓜
1 85
888 剮
3 358,0,99
889 寡
4 34,359,31,80
890 掛
4 6,3,3,340
891 褂
4 56,3,3,340
892 乖
3 190,112,23
893 拐
3 6,0,80
894 怪
3 58,79,3
895 棺
3 44,34,360
896 關
4 136,270,270,361
897 官
2 34,360
898 冠
4 27,70,362,89
899 觀
5 363,0,0,253,218
900 管
3 61,34,360
901 館
5 101,70,102,34,360
902 罐
7 103,54,104,363,0,0,253
903 慣
3 58,364,71
904 灌
5 59,363,0,0,253
905 貫
2 364,71
906 光
2 365,152
907 廣
2 134,366
908 逛
3 120,114,75
909 瑰
2 75,247
910 規
2 335,218
911 圭
2 3,3
912 矽
2 22,235
913 歸
5 169,156,341,27,90
914 龜
1 367
915 閨
3 136,3,3
916 軌
2 113,246
917 鬼
1 247
918 詭
4 15,279,41,280
919 癸
3 164,70,37
920 桂
3 44,3,3
921 櫃
5 44,330,240,70,71
922 跪
4 63,279,41,280
923 貴
3 240,70,71
924 劊
5 101,70,189,16,99
925 輥
4 113,39,124,23
926 滾
5 59,9,10,31,0
927 棍
4 44,39,124,23
928 鍋
3 95,358,0
929 郭
4 9,0,166,88
930 國
4 320,174,0,70
931 果
1 211
932 裹
3 9,10,211
933 過
3 120,358,0
934 哈
4 0,101,70,0
935 骸
4 356,9,343,19
936 孩
4 166,9,343,19
937 海
3 59,103,328
938 氦
4 35,9,343,19
939 亥
3 9,343,19
940 害
3 34,73,0
941 駭
4 167,9,343,19
942 酣
2 242,346
943 憨
4 347,233,52,28
944 邯
2 346,88
945 韓
6 54,39,54,368,0,369
946 含
4 101,70,370,0
947 涵
4 59,104,244,98
948 寒
2 371,307
949 函
3 104,244,98
950 喊
4 0,221,70,0
951 罕
3 27,152,42
952 翰
5 54,39,54,101,55
953 撼
5 6,221,70,0,28
954 捍
3 6,39,42
955 旱
2 39,42
956 憾
5 58,221,70,0,28
957 悍
3 58,39,42
958 焊
3 109,39,42
959 汗
2 59,42
960 漢
2 59,372
961 夯
2 37,86
962 杭
3 44,9,45
963 航
3 78,9,45
964 壕
5 3,9,0,27,373
965 嚎
5 0,9,0,27,373
966 豪
4 9,0,27,373
967 毫
4 9,0,27,374
968 郝
2 237,88
969 好
2 21,166
970 耗
2 64,374
971 號
4 0,226,151,152
972 浩
3 59,184,0
973 呵
3 0,2,0
974 喝
5 0,16,17,18,19
975 荷
4 7,36,2,0
976 菏
4 7,59,2,0
977 核
4 44,9,343,19
978 禾
1 20
979 和
2 20,0
980 何
3 36,2,0
981 合
3 101,70,0
982 盒
4 101,70,0,32
983 貉
3 106,258,0
984 閡
4 136,9,343,19
985 河
3 59,2,0
986 涸
4 59,320,54,0
987 赫
2 237,237
988 褐
5 56,16,17,18,19
989 鶴
2 375,324
990 賀
3 86,0,71
991 嘿
2 0,291
992 黑
1 291
993 痕
2 14,177
994 很
2 127,177
995 狠
2 114,177
996 恨
2 58,177
997 哼
4 0,9,0,376
998 亨
3 9,0,376
999 橫
2 44,366
1000 衡
4 377,279,122,37
1001 恒
4 58,70,39,70
1002 轟
3 113,113,113
1003 哄
3 0,105,31
1004 烘
3 109,105,31
1005 虹
2 94,195
1006 鴻
3 59,195,324
1007 洪
3 59,105,31
1008 宏
3 34,170,4
1009 弘
2 165,4
1010 紅
2 87,195
1011 喉
4 0,36,378,5
1012 侯
3 36,378,5
1013 猴
4 114,36,378,5
1014 吼
3 0,166,379
1015 厚
3 41,39,166
1016 候
4 36,298,378,5
1017 後
3 127,270,29
1018 呼
2 0,380
1019 乎
1 380
1020 忽
3 17,203,28
1021 瑚
4 75,54,0,43
1022 壺
2 50,381
1023 葫
4 7,54,0,43
1024 胡
3 54,0,43
1025 蝴
4 94,54,0,43
1026 狐
2 114,85
1027 糊
4 180,54,0,43
1028 湖
4 59,54,0,43
1029 弧
2 165,85
1030 虎
2 151,152
1031 唬
3 0,151,152
1032 護
4 15,363,253,79
1033 互
2 70,97
1034 滬
4 59,142,0,60
1035 戶
1 142
1036 花
3 7,36,23
1037 嘩
3 0,7,382
1038 華
2 7,382
1039 猾
2 114,356
1040 滑
2 59,356
1041 畫
3 383,122,70
1042 劃
4 383,122,70,99
1043 化
2 36,23
1044 話
3 15,190,0
1045 槐
2 44,247
1046 徊
3 127,320,0
1047 懷
5 58,9,10,384,231
1048 淮
2 59,253
1049 壞
5 3,9,10,384,231
1050 歡
5 363,0,0,253,265
1051 環
4 75,67,121,10
1052 桓
4 44,70,39,70
1053 還
4 120,67,121,10
1054 緩
5 87,26,70,170,79
1055 換
5 6,279,385,19,37
1056 患
2 263,28
1057 喚
5 0,279,385,19,37
1058 瘓
5 14,279,385,19,37
1059 豢
2 386,373
1060 煥
5 109,279,385,19,37
1061 渙
5 59,279,385,19,37
1062 宦
2 34,183
1063 幻
2 270,222
1064 荒
3 7,387,388
1065 慌
4 58,7,387,388
1066 黃
1 366
1067 磺
2 22,366
1068 蝗
3 94,11,75
1069 簧
2 61,366
1070 皇
2 11,75
1071 凰
3 334,11,75
1072 惶
3 58,11,75
1073 煌
3 109,11,75
1074 晃
3 39,365,152
1075 幌
4 90,39,365,152
1076 恍
3 58,365,152
1077 謊
4 15,7,387,388
1078 灰
2 170,109
1079 揮
3 6,27,113
1080 輝
4 365,152,27,113
1081 徽
5 127,12,70,148,52
1082 恢
3 58,170,109
1083 蛔
3 94,320,0
1084 回
2 320,0
1085 毀
4 191,3,45,79
1086 悔
3 58,103,328
1087 慧
4 73,73,341,28
1088 卉
2 54,116
1089 惠
2 262,28
1090 晦
3 39,103,328
1091 賄
3 71,170,66
1092 穢
5 20,156,221,70,157
1093 會
4 101,70,189,16
1094 燴
5 109,101,70,189,16
1095 匯
3 330,59,253
1096 諱
4 15,368,0,369
1097 誨
3 15,103,328
1098 繪
5 87,101,70,189,16
1099 葷
3 7,27,113
1100 昏
2 297,39
1101 婚
3 21,297,39
1102 魂
3 269,4,247
1103 渾
3 59,27,113
1104 混
4 59,39,124,23
1105 豁
4 34,73,0,357
1106 活
3 59,190,0
1107 夥
3 211,235,235
1108 火
1 109
1109 獲
4 114,363,253,79
1110 或
3 174,0,70
1111 惑
4 174,0,70,28
1112 霍
2 65,253
1113 貨
3 36,23,71
1114 禍
3 294,358,0
1115 擊
5 113,104,45,79,213
1116 圾
2 3,389
1117 基
3 390,31,3
1118 機
3 44,391,19
1119 畸
4 122,37,2,0
1120 稽
4 20,392,23,39
1121 積
3 20,154,71
1122 箕
3 61,390,31
1123 肌
2 43,45
1124 饑
5 101,70,102,391,19
1125 跡
3 63,9,393
1126 激
4 59,11,51,52
1127 譏
3 15,391,19
1128 雞
4 26,270,37,253
1129 姬
2 21,394
1130 績
3 87,154,71
1131 緝
3 87,0,233
1132 吉
2 50,0
1133 極
5 44,376,0,79,70
1134 棘
2 186,186
1135 輯
3 113,0,233
1136 籍
4 61,64,105,39
1137 集
2 253,44
1138 及
1 389
1139 急
3 279,341,28
1140 疾
2 14,5
1141 汲
2 59,389
1142 即
2 102,47
1143 嫉
3 21,14,5
1144 級
2 87,389
1145 擠
2 6,395
1146 幾
2 391,19
1147 脊
2 396,43
1148 己
1 344
1149 薊
3 7,108,99
1150 技
2 6,238
1151 冀
5 112,23,122,105,31
1152 季
2 20,166
1153 伎
2 36,238
1154 祭
3 171,172,150
1155 劑
2 395,99
1156 悸
3 58,20,166
1157 濟
2 59,395
1158 寄
4 34,37,2,0
1159 寂
4 34,312,313,79
1160 計
2 15,54
1161 記
2 15,344
1162 既
2 102,178
1163 忌
2 344,28
1164 際
4 1,171,172,150
1165 妓
2 21,238
1166 繼
7 87,18,270,270,70,270,270
1167 紀
2 87,344
1168 嘉
4 54,13,86,0
1169 枷
3 44,86,0
1170 夾
1 397
1171 佳
3 36,3,3
1172 家
2 34,373
1173 加
2 86,0
1174 莢
2 7,397
1175 頰
2 397,81
1176 賈
2 149,71
1177 甲
1 398
1178 鉀
2 95,398
1179 假
4 36,399,309,79
1180 稼
3 20,34,373
1181 價
3 36,149,71
1182 架
3 86,0,44
1183 駕
3 86,0,167
1184 嫁
3 21,34,373
1185 殲
4 132,400,111,70
1186 監
4 183,103,70,32
1187 堅
3 183,79,3
1188 尖
2 313,37
1189 箋
3 61,174,174
1190 間
2 136,39
1191 煎
4 30,66,99,53
1192 兼
2 30,401
1193 肩
2 142,43
1194 艱
2 372,177
1195 奸
2 21,42
1196 緘
4 87,221,70,0
1197 繭
5 363,205,298,148,94
1198 檢
7 44,101,70,0,0,19,19
1199 柬
1 402
1200 堿
4 3,221,70,0
1201 揀
2 6,402
1202 撿
7 6,101,70,0,0,19,19
1203 簡
3 61,136,39
1204 儉
7 36,101,70,0,0,19,19
1205 剪
4 30,66,99,80
1206 減
4 59,221,70,0
1207 薦
4 7,403,404,53
1208 檻
5 44,183,103,70,32
1209 鑒
5 183,103,70,67,405
1210 踐
3 63,174,174
1211 賤
3 71,174,174
1212 見
1 218
1213 鍵
3 95,289,126
1214 箭
4 61,30,66,99
1215 件
2 36,232
1216 健
3 36,289,126
1217 艦
5 78,183,103,70,32
1218 劍
7 101,70,0,0,19,19,99
1219 餞
5 101,70,102,174,174
1220 漸
3 59,113,179
1221 濺
4 59,71,174,174
1222 澗
3 59,136,39
1223 建
2 289,126
1224 僵
6 36,70,122,70,122,70
1225 姜
2 348,21
1226 將
3 182,171,89
1227 漿
4 182,171,89,119
1228 江
2 59,195
1229 疆
7 165,3,70,122,70,122,70
1230 蔣
4 7,182,171,89
1231 槳
4 182,171,89,44
1232 獎
4 182,171,89,248
1233 講
3 15,354,220
1234 匠
2 330,179
1235 醬
4 182,171,89,242
1236 降
3 1,258,369
1237 蕉
3 7,253,53
1238 椒
4 44,312,313,79
1239 礁
3 22,253,53
1240 焦
2 253,53
1241 膠
4 43,55,101,153
1242 交
2 9,69
1243 郊
3 9,69,88
1244 澆
5 59,3,3,3,362
1245 驕
5 167,406,0,205,0
1246 嬌
5 21,406,0,205,0
1247 嚼
5 0,26,67,102,89
1248 攪
6 6,407,27,129,129,218
1249 鉸
3 95,9,69
1250 矯
5 5,406,0,205,0
1251 僥
5 36,3,3,3,362
1252 腳
3 43,357,47
1253 狡
3 114,9,69
1254 角
1 257
1255 餃
5 101,70,102,9,69
1256 繳
4 87,11,51,52
1257 絞
3 87,9,69
1258 剿
3 210,211,99
1259 教
3 250,166,52
1260 酵
3 242,250,166
1261 轎
5 113,406,0,205,0
1262 較
3 113,9,69
1263 叫
2 0,408
1264 窖
3 141,184,0
1265 揭
5 6,16,17,18,19
1266 接
3 6,40,21
1267 皆
3 124,23,11
1268 秸
3 20,50,0
1269 街
3 377,3,3
1270 階
4 1,124,23,11
1271 截
3 54,174,253
1272 劫
3 3,4,86
1273 節
3 61,102,47
1274 桔
3 44,50,0
1275 傑
4 36,235,369,44
1276 捷
2 6,409
1277 睫
2 175,409
1278 竭
5 40,16,17,18,19
1279 潔
3 59,410,148
1280 結
3 87,50,0
1281 解
3 257,80,232
1282 姐
2 21,251
1283 戒
2 174,116
1284 藉
4 7,64,105,39
1285 芥
3 7,101,411
1286 界
3 122,101,411
1287 借
3 36,105,39
1288 介
2 101,411
1289 疥
3 14,101,411
1290 誡
3 15,174,116
1291 屆
3 188,104,3
1292 巾
1 90
1293 筋
3 61,43,86
1294 斤
1 179
1295 金
1 405
1296 今
3 101,70,370
1297 津
2 59,126
1298 襟
4 56,44,44,150
1299 緊
3 183,79,148
1300 錦
3 95,11,90
1301 僅
3 36,316,412
1302 謹
3 15,316,412
1303 進
2 120,253
1304 靳
2 33,179
1305 晉
5 70,4,4,70,39
1306 禁
3 44,44,150
1307 近
2 120,179
1308 燼
4 109,413,53,32
1309 浸
4 59,341,27,79
1310 盡
3 413,53,32
1311 勁
4 70,210,195,86
1312 荊
4 7,70,116,99
1313 兢
6 54,0,152,54,0,152
1314 莖
4 7,70,210,195
1315 睛
2 175,173
1316 晶
3 39,39,39
1317 鯨
4 108,9,0,313
1318 京
3 9,0,313
1319 驚
5 363,17,0,52,167
1320 精
2 180,173
1321 粳
2 180,139
1322 經
4 87,70,210,195
1323 井
1 350
1324 警
5 363,17,0,52,147
1325 景
4 39,9,0,313
1326 頸
4 70,210,195,81
1327 靜
3 173,26,414
1328 境
4 3,40,39,152
1329 敬
4 363,17,0,52
1330 鏡
4 95,40,39,152
1331 徑
4 127,70,210,195
1332 痙
4 14,70,210,195
1333 靖
2 40,173
1334 竟
3 40,39,152
1335 競
6 40,0,152,40,0,152
1336 淨
3 59,26,414
1337 炯
3 109,205,0
1338 窘
3 141,415,0
1339 揪
3 6,20,109
1340 究
2 141,246
1341 糾
2 87,408
1342 玖
2 75,416
1343 韭
2 111,70
1344 久
1 416
1345 灸
2 416,109
1346 九
1 246
1347 酒
2 59,242
1348 廄
4 134,102,45,79
1349 救
2 417,52
1350 舊
3 363,253,191
1351 臼
1 191
1352 舅
3 191,122,86
1353 咎
3 258,19,0
1354 就
4 9,0,313,392
1355 疚
2 14,416
1356 鞠
3 33,17,180
1357 拘
3 6,17,0
1358 狙
2 114,251
1359 疽
2 14,251
1360 居
3 188,54,0
1361 駒
3 167,17,0
1362 菊
3 7,17,180
1363 局
3 188,222,0
1364 咀
2 0,251
1365 矩
2 5,418
1366 舉
5 407,70,31,419,93
1367 沮
2 59,251
1368 聚
5 233,79,36,19,19
1369 拒
2 6,418
1370 據
3 6,151,373
1371 巨
1 418
1372 具
2 255,31
1373 距
2 63,418
1374 踞
4 63,188,54,0
1375 鋸
4 95,188,54,0
1376 俱
3 36,255,31
1377 句
2 17,0
1378 懼
4 58,175,175,253
1379 炬
2 109,418
1380 劇
3 151,373,99
1381 捐
3 6,0,43
1382 鵑
3 0,43,324
1383 娟
3 21,0,43
1384 倦
3 36,386,280
1385 眷
2 386,175
1386 卷
2 386,280
1387 絹
3 87,0,43
1388 撅
5 6,41,30,252,265
1389 攫
5 6,175,175,253,79
1390 抉
2 6,420
1391 掘
4 6,188,249,104
1392 倔
4 36,188,249,104
1393 爵
4 26,67,102,89
1394 覺
5 407,27,129,129,218
1395 決
2 59,420
1396 訣
2 15,420
1397 絕
3 87,80,60
1398 均
2 3,421
1399 菌
3 7,320,20
1400 鈞
2 95,421
1401 軍
2 27,113
1402 君
2 415,0
1403 峻
4 12,4,152,29
1404 俊
4 36,4,152,29
1405 竣
4 40,4,152,29
1406 浚
4 59,4,152,29
1407 郡
3 415,0,88
1408 駿
4 167,4,152,29
1409 喀
4 0,34,258,0
1410 咖
3 0,86,0
1411 卡
2 312,340
1412 咯
3 0,258,0
1413 開
3 136,42,42
1414 揩
4 6,124,23,11
1415 楷
4 44,124,23,11
1416 凱
3 12,13,45
1417 慨
3 58,102,178
1418 刊
2 42,99
1419 堪
4 3,422,423,152
1420 勘
4 422,423,152,86
1421 坎
2 3,265
1422 砍
2 22,265
1423 看
2 72,175
1424 康
2 134,287
1425 慷
3 58,134,287
1426 糠
3 180,134,287
1427 扛
2 6,195
1428 抗
3 6,9,45
1429 亢
2 9,45
1430 炕
3 109,9,45
1431 考
2 250,226
1432 拷
3 6,250,226
1433 烤
3 109,250,226
1434 靠
3 184,0,111
1435 坷
3 3,2,0
1436 苛
3 7,2,0
1437 柯
3 44,2,0
1438 棵
2 44,211
1439 磕
4 22,3,4,32
1440 顆
2 211,81
1441 科
2 20,310
1442 殼
6 50,27,70,45,45,79
1443 咳
4 0,9,343,19
1444 可
2 2,0
1445 渴
5 59,16,17,18,19
1446 克
3 54,0,152
1447 刻
4 9,343,19,99
1448 客
3 34,258,0
1449 課
2 15,211
1450 肯
2 156,43
1451 啃
3 0,156,43
1452 墾
3 106,177,3
1453 懇
3 106,177,28
1454 坑
3 3,9,45
1455 吭
3 0,9,45
1456 空
2 141,195
1457 恐
3 195,327,28
1458 孔
2 166,379
1459 控
3 6,141,195
1460 摳
5 6,423,0,0,0
1461 口
1 0
1462 扣
2 6,0
1463 寇
4 34,70,362,424
1464 枯
3 44,54,0
1465 哭
3 0,0,248
1466 窟
4 141,188,249,104
1467 苦
3 7,54,0
1468 酷
3 242,184,0
1469 庫
2 134,113
1470 褲
3 56,134,113
1471 誇
4 15,37,70,226
1472 垮
4 3,37,70,226
1473 挎
4 6,37,70,226
1474 跨
4 63,37,70,226
1475 胯
4 43,37,70,226
1476 塊
2 3,247
1477 筷
3 61,58,420
1478 儈
5 36,101,70,189,16
1479 快
2 58,420
1480 寬
2 34,425
1481 款
3 50,150,265
1482 匡
2 330,75
1483 筐
3 61,330,75
1484 狂
2 114,75
1485 框
3 44,330,75
1486 礦
3 22,134,366
1487 眶
3 175,330,75
1488 曠
3 39,134,366
1489 況
3 59,0,152
1490 虧
4 151,253,70,226
1491 盔
3 170,109,32
1492 巋
6 12,169,156,341,27,90
1493 窺
3 141,335,218
1494 葵
4 7,164,70,37
1495 奎
3 37,3,3
1496 魁
2 247,310
1497 傀
2 36,247
1498 饋
6 101,70,102,240,70,71
1499 愧
2 58,247
1500 潰
4 59,240,70,71
1501 坤
2 3,207
1502 昆
3 39,124,23
1503 捆
3 6,320,44
1504 困
2 320,44
1505 括
3 6,190,0
1506 擴
3 6,134,366
1507 廓
5 134,9,0,166,88
1508 闊
4 136,59,190,0
1509 垃
2 3,40
1510 拉
2 6,40
1511 喇
3 0,426,99
1512 蠟
5 94,210,320,19,427
1513 臘
5 43,210,320,19,427
1514 辣
2 84,426
1515 啦
3 0,6,40
1516 萊
2 7,428
1517 來
1 428
1518 賴
3 426,80,71
1519 藍
5 7,183,103,70,32
1520 婪
3 44,44,21
1521 欄
3 44,136,402
1522 攔
3 6,136,402
1523 籃
5 61,183,103,70,32
1524 闌
2 136,402
1525 蘭
3 7,136,402
1526 瀾
3 59,136,402
1527 讕
3 15,136,402
1528 攬
6 6,183,103,70,67,218
1529 覽
5 183,103,70,67,218
1530 懶
4 58,426,80,71
1531 纜
6 87,183,103,70,67,218
1532 爛
3 109,136,402
1533 濫
5 59,183,103,70,32
1534 琅
2 75,429
1535 榔
3 44,430,88
1536 狼
2 114,429
1537 廊
3 134,430,88
1538 郎
2 430,88
1539 朗
2 430,66
1540 浪
2 59,429
1541 撈
5 6,109,109,27,86
1542 勞
4 109,109,27,86
1543 牢
2 34,232
1544 老
2 250,23
1545 佬
3 36,250,23
1546 姥
3 21,250,23
1547 酪
3 242,258,0
1548 烙
3 109,258,0
1549 澇
5 59,109,109,27,86
1550 勒
2 33,86
1551 樂
4 270,11,270,44
1552 雷
2 65,122
1553 鐳
3 95,65,122
1554 蕾
3 7,65,122
1555 磊
3 22,22,22
1556 累
2 122,148
1557 儡
4 36,122,122,122
1558 壘
4 122,122,122,3
1559 擂
3 6,65,122
1560 肋
2 43,86
1561 類
3 180,248,81
1562 淚
3 59,142,248
1563 棱
4 44,3,152,29
1564 楞
3 44,67,51
1565 冷
4 159,101,70,24
1566 厘
2 41,201
1567 梨
3 20,99,44
1568 犁
3 20,99,232
1569 黎
3 431,101,98
1570 籬
4 61,432,272,253
1571 狸
2 114,201
1572 離
3 432,272,253
1573 漓
3 59,432,272
1574 理
2 75,201
1575 李
2 44,166
1576 裏
3 9,10,201
1577 鯉
2 108,201
1578 禮
3 294,433,13
1579 莉
3 7,20,99
1580 荔
4 7,86,86,86
1581 吏
1 434
1582 栗
2 149,44
1583 麗
2 435,215
1584 厲
3 41,7,436
1585 勵
4 41,7,436,86
1586 礫
5 22,270,11,270,44
1587 曆
4 41,20,20,39
1588 利
2 20,99
1589 僳
3 36,149,180
1590 例
3 36,132,99
1591 俐
3 36,20,99
1592 痢
3 14,20,99
1593 立
1 40
1594 粒
2 180,40
1595 瀝
5 59,41,20,20,156
1596 隸
3 44,150,287
1597 力
1 86
1598 璃
3 75,432,272
1599 哩
2 0,201
1600 倆
3 36,70,437
1601 聯
4 233,270,270,361
1602 蓮
3 7,120,113
1603 連
2 120,113
1604 鐮
4 95,134,30,401
1605 廉
3 134,30,401
1606 憐
4 58,180,235,369
1607 漣
3 59,120,113
1608 簾
4 61,134,30,401
1609 斂
7 101,70,0,0,19,19,52
1610 臉
7 43,101,70,0,0,19,19
1611 鏈
3 95,120,113
1612 戀
2 145,28
1613 煉
2 109,402
1614 練
2 87,402
1615 糧
4 180,39,70,201
1616 涼
4 59,9,0,313
1617 梁
2 438,44
1618 粱
2 438,180
1619 良
1 429
1620 兩
2 70,437
1621 輛
3 113,70,437
1622 量
3 39,70,201
1623 晾
4 39,9,0,313
1624 亮
4 9,0,27,152
1625 諒
4 15,9,0,313
1626 撩
4 6,439,39,313
1627 聊
3 233,440,47
1628 僚
4 36,439,39,313
1629 療
4 14,439,39,313
1630 燎
4 109,439,39,313
1631 寥
4 34,55,101,153
1632 遼
4 120,439,39,313
1633 潦
4 59,439,39,313
1634 了
1 376
1635 撂
4 6,122,258,0
1636 鐐
4 95,439,39,313
1637 廖
4 134,55,101,153
1638 料
2 180,310
1639 列
2 132,99
1640 裂
4 132,99,9,10
1641 烈
3 132,99,53
1642 劣
2 209,86
1643 獵
5 114,210,320,19,427
1644 琳
3 75,44,44
1645 林
2 44,44
1646 磷
4 22,180,235,369
1647 霖
3 65,44,44
1648 臨
5 183,103,0,0,0
1649 鄰
4 180,235,369,88
1650 鱗
4 108,180,235,369
1651 淋
3 59,44,44
1652 凜
3 159,125,20
1653 賃
3 36,441,71
1654 吝
2 76,0
1655 拎
4 6,101,70,24
1656 玲
4 75,101,70,24
1657 菱
4 7,3,152,29
1658 零
4 65,101,70,24
1659 齡
4 234,101,70,24
1660 鈴
4 95,101,70,24
1661 伶
4 36,101,70,24
1662 羚
4 283,101,70,24
1663 淩
4 59,3,152,29
1664 靈
5 65,0,0,0,442
1665 陵
4 1,3,152,29
1666 嶺
5 12,101,70,24,81
1667 領
4 101,70,24,81
1668 另
2 0,86
1669 令
3 101,70,24
1670 溜
3 59,443,122
1671 琉
2 75,444
1672 榴
3 44,443,122
1673 硫
2 22,444
1674 餾
5 101,70,102,443,122
1675 留
2 443,122
1676 劉
3 443,405,99
1677 瘤
3 14,443,122
1678 流
2 59,444
1679 柳
3 44,440,47
1680 六
2 9,31
1681 龍
1 241
1682 聾
2 241,233
1683 嚨
2 0,241
1684 籠
2 61,241
1685 窿
5 141,1,258,70,202
1686 隆
4 1,258,70,202
1687 壟
2 241,3
1688 攏
2 6,241
1689 隴
2 1,241
1690 樓
3 44,445,21
1691 婁
2 445,21
1692 摟
3 6,445,21
1693 簍
3 61,445,21
1694 漏
3 59,188,65
1695 陋
4 1,70,160,18
1696 蘆
4 7,151,122,32
1697 盧
3 151,122,32
1698 顱
4 151,122,32,81
1699 廬
4 134,151,122,32
1700 爐
4 109,151,122,32
1701 擄
4 6,151,122,86
1702 鹵
1 446
1703 虜
3 151,122,86
1704 魯
2 108,39
1705 麓
3 44,44,215
1706 碌
3 22,97,98
1707 露
4 65,63,258,0
1708 路
3 63,258,0
1709 賂
3 71,258,0
1710 鹿
1 215
1711 潞
4 59,63,258,0
1712 祿
3 294,97,98
1713 錄
3 95,97,98
1714 陸
4 1,3,152,3
1715 戮
4 55,101,153,174
1716 驢
4 167,151,122,32
1717 呂
1 353
1718 鋁
2 95,353
1719 侶
2 36,353
1720 旅
3 51,103,447
1721 履
5 188,127,103,39,29
1722 屢
3 188,445,21
1723 縷
3 87,445,21
1724 慮
3 151,122,28
1725 氯
3 35,97,98
1726 律
2 127,126
1727 率
1 448
1728 濾
4 59,151,122,28
1729 綠
3 87,97,98
1730 巒
2 145,12
1731 攣
2 145,213
1732 孿
2 145,166
1733 灤
3 59,145,44
1734 卵
2 336,337
1735 亂
5 271,24,272,79,379
1736 掠
4 6,9,0,313
1737 略
3 122,258,0
1738 掄
4 6,101,70,143
1739 輪
4 113,101,70,143
1740 倫
4 36,101,70,143
1741 侖
3 101,70,143
1742 淪
4 59,101,70,143
1743 綸
4 87,101,70,143
1744 論
4 15,101,70,143
1745 蘿
4 7,67,87,253
1746 螺
3 94,122,148
1747 羅
3 67,87,253
1748 邏
4 120,67,87,253
1749 鑼
4 95,67,87,253
1750 籮
4 61,67,87,253
1751 騾
3 167,122,148
1752 裸
2 56,211
1753 落
4 7,59,258,0
1754 洛
3 59,258,0
1755 駱
3 167,258,0
1756 絡
3 87,258,0
1757 媽
2 21,167
1758 麻
3 134,44,44
1759 瑪
2 75,167
1760 碼
2 22,167
1761 螞
2 94,167
1762 馬
1 167
1763 罵
2 67,167
1764 嘛
4 0,134,44,44
1765 嗎
2 0,167
1766 埋
2 3,201
1767 買
2 67,71
1768 麥
1 449
1769 賣
3 50,67,71
1770 邁
3 120,7,436
1771 脈
2 43,450
1772 瞞
2 175,451
1773 饅
6 101,70,102,281,67,79
1774 蠻
2 145,94
1775 滿
2 59,451
1776 蔓
4 7,281,67,79
1777 曼
3 281,67,79
1778 慢
4 58,281,67,79
1779 漫
4 59,281,67,79
1780 謾
4 15,281,67,79
1781 芒
2 7,387
1782 茫
3 7,59,387
1783 盲
2 387,175
1784 氓
2 387,452
1785 忙
2 58,387
1786 莽
3 7,248,116
1787 貓
3 106,7,122
1788 茅
2 7,453
1789 錨
3 95,7,122
1790 毛
1 374
1791 矛
1 453
1792 鉚
3 95,440,47
1793 卯
2 440,47
1794 茂
2 7,221
1795 冒
2 281,175
1796 帽
3 90,281,175
1797 貌
3 106,11,152
1798 貿
2 443,71
1799 麼
4 134,44,44,270
1800 玫
2 75,52
1801 枚
2 44,52
1802 梅
3 44,103,328
1803 酶
3 242,103,328
1804 黴
5 127,12,70,291,52
1805 煤
3 109,346,44
1806 沒
3 59,454,79
1807 眉
2 455,175
1808 媒
3 21,346,44
1809 鎂
3 95,348,37
1810 每
2 103,328
1811 美
2 348,37
1812 昧
2 39,456
1813 寐
3 34,182,456
1814 妹
2 21,456
1815 媚
3 21,455,175
1816 門
1 136
1817 悶
2 136,28
1818 們
2 36,136
1819 萌
3 7,39,66
1820 蒙
4 7,27,70,373
1821 檬
5 44,7,27,70,373
1822 盟
3 39,66,32
1823 錳
3 95,166,32
1824 猛
3 114,166,32
1825 夢
4 363,67,27,235
1826 孟
2 166,32
1827 眯
2 175,180
1828 醚
3 242,120,180
1829 靡
4 134,44,44,111
1830 糜
4 134,44,44,180
1831 迷
2 120,180
1832 謎
3 15,120,180
1833 彌
3 165,70,326
1834 米
1 180
1835 秘
2 20,133
1836 覓
2 26,218
1837 泌
2 59,133
1838 蜜
3 34,133,94
1839 密
3 34,133,12
1840 冪
5 27,7,39,37,90
1841 棉
3 44,11,90
1842 眠
2 175,452
1843 綿
3 87,11,90
1844 冕
3 281,279,457
1845 免
2 279,457
1846 勉
3 279,457,86
1847 娩
3 21,279,457
1848 緬
2 87,458
1849 面
1 458
1850 苗
2 7,122
1851 描
3 6,7,122
1852 瞄
3 175,7,122
1853 藐
4 7,106,11,152
1854 秒
2 20,209
1855 渺
3 59,175,209
1856 廟
5 134,54,39,54,66
1857 妙
2 21,209
1858 蔑
3 363,67,459
1859 滅
4 59,221,70,109
1860 民
1 452
1861 抿
2 6,452
1862 皿
1 32
1863 敏
3 103,328,52
1864 憫
3 58,136,76
1865 閩
2 136,94
1866 明
2 39,66
1867 螟
5 94,27,39,9,31
1868 鳴
2 0,324
1869 銘
3 95,235,0
1870 名
2 235,0
1871 命
4 101,70,0,47
1872 謬
4 15,55,101,153
1873 摸
4 6,7,39,37
1874 摹
4 7,39,37,213
1875 蘑
5 7,134,44,44,22
1876 模
4 44,7,39,37
1877 膜
4 43,7,39,37
1878 磨
4 134,44,44,22
1879 摩
4 134,44,44,213
1880 魔
4 134,44,44,247
1881 抹
2 6,460
1882 末
1 460
1883 莫
3 7,39,37
1884 墨
2 291,3
1885 默
2 291,248
1886 沫
2 59,460
1887 漠
4 59,7,39,37
1888 寞
4 34,7,39,37
1889 陌
3 1,70,11
1890 謀
3 15,346,44
1891 牟
2 4,232
1892 某
2 346,44
1893 拇
2 6,328
1894 牡
2 315,3
1895 畝
3 9,122,416
1896 姆
2 21,328
1897 母
1 328
1898 墓
4 7,39,37,3
1899 暮
4 7,39,37,39
1900 幕
4 7,39,37,90
1901 募
4 7,39,37,86
1902 慕
4 7,39,37,352
1903 木
1 44
1904 目
1 175
1905 睦
4 175,3,152,3
1906 牧
2 315,52
1907 穆
4 20,11,313,153
1908 拿
4 101,70,0,213
1909 哪
3 0,461,88
1910 呐
2 0,462
1911 鈉
2 95,462
1912 那
2 461,88
1913 娜
3 21,461,88
1914 納
2 87,462
1915 氖
2 35,463
1916 乃
1 463
1917 奶
2 21,463
1918 耐
2 259,89
1919 奈
2 37,150
1920 南
3 54,205,277
1921 男
2 122,86
1922 難
2 372,253
1923 囊
6 464,27,0,0,354,10
1924 撓
5 6,3,3,3,362
1925 腦
4 43,210,128,129
1926 惱
4 58,210,128,129
1927 鬧
3 311,9,90
1928 淖
4 59,268,39,54
1929 呢
3 0,188,23
1930 餒
5 101,70,102,26,21
1931 內
1 462
1932 嫩
3 21,426,52
1933 能
3 68,23,23
1934 妮
3 21,188,23
1935 霓
3 65,191,152
1936 倪
3 36,191,152
1937 泥
3 59,188,23
1938 尼
2 188,23
1939 擬
5 6,23,5,24,25
1940 你
3 36,465,313
1941 匿
4 423,7,170,0
1942 膩
4 43,286,269,71
1943 逆
3 120,30,252
1944 溺
5 59,165,159,165,159
1945 蔫
5 7,70,156,404,53
1946 拈
3 6,268,0
1947 年
1 466
1948 碾
4 22,188,105,467
1949 攆
4 6,335,335,113
1950 撚
4 6,171,248,53
1951 念
4 101,70,370,28
1952 娘
2 21,429
1953 釀
6 242,9,10,0,0,354
1954 鳥
1 324
1955 尿
2 188,119
1956 捏
3 6,39,3
1957 聶
3 233,233,233
1958 孽
4 7,169,84,166
1959 齧
2 410,234
1960 鑷
4 95,233,233,233
1961 鎳
3 95,140,44
1962 涅
3 59,39,3
1963 您
4 36,465,313,28
1964 檸
5 44,34,28,32,284
1965 獰
5 114,34,28,32,284
1966 凝
5 159,23,5,24,25
1967 甯
3 34,28,118
1968 擰
5 6,34,28,32,284
1969 濘
5 59,34,28,32,284
1970 牛
1 232
1971 扭
2 6,468
1972 鈕
2 95,468
1973 紐
2 87,468
1974 膿
3 43,433,214
1975 濃
3 59,433,214
1976 農
2 433,214
1977 弄
2 75,116
1978 奴
2 21,79
1979 努
3 21,79,86
1980 怒
3 21,79,28
1981 女
1 21
1982 暖
5 39,26,70,170,79
1983 虐
2 151,469
1984 瘧
3 14,151,469
1985 挪
3 6,461,88
1986 懦
3 58,65,259
1987 糯
3 180,65,259
1988 諾
4 15,7,170,0
1989 哦
2 0,323
1990 歐
5 423,0,0,0,265
1991 鷗
5 423,0,0,0,324
1992 毆
6 423,0,0,0,45,79
1993 藕
3 7,64,436
1994 嘔
5 0,423,0,0,0
1995 偶
2 36,436
1996 漚
5 59,423,0,0,0
1997 啪
3 0,6,11
1998 趴
2 63,31
1999 爬
2 470,60
2000 帕
2 90,11
2001 怕
2 58,11
2002 琶
3 75,75,60
2003 拍
2 6,11
2004 排
2 6,111
2005 牌
3 82,74,54
2006 徘
2 127,111
2007 湃
4 59,72,70,73
2008 派
2 59,450
2009 攀
6 44,129,129,44,37,213
2010 潘
3 59,163,122
2011 盤
4 78,45,79,32
2012 磐
4 78,45,79,22
2013 盼
3 175,31,80
2014 畔
2 122,83
2015 判
2 83,99
2016 叛
3 83,41,79
2017 乓
1 471
2018 龐
2 134,241
2019 旁
4 9,91,27,51
2020 耪
5 64,9,91,27,51
2021 胖
2 43,83
2022 拋
3 6,472,86
2023 咆
3 0,17,96
2024 刨
3 17,96,99
2025 炮
3 109,17,96
2026 袍
3 56,17,96
2027 跑
3 63,17,96
2028 泡
3 59,17,96
2029 呸
3 0,110,70
2030 胚
3 43,110,70
2031 培
3 3,40,0
2032 裴
3 111,9,10
2033 賠
3 71,40,0
2034 陪
3 1,40,0
2035 配
2 242,344
2036 佩
4 36,334,70,90
2037 沛
2 59,331
2038 噴
4 0,54,7,71
2039 盆
3 31,80,32
2040 砰
2 22,227
2041 抨
2 6,227
2042 烹
4 9,0,376,53
2043 澎
4 59,54,13,153
2044 彭
3 54,13,153
2045 蓬
4 7,120,258,73
2046 棚
3 44,66,66
2047 硼
3 22,66,66
2048 篷
4 61,120,258,73
2049 膨
4 43,54,13,153
2050 朋
2 66,66
2051 鵬
3 66,66,324
2052 捧
3 6,92,93
2053 碰
3 22,30,162
2054 坯
3 3,110,70
2055 砒
3 22,124,23
2056 霹
3 65,138,84
2057 批
3 6,124,23
2058 披
2 6,115
2059 劈
3 138,84,80
2060 琵
4 75,75,124,23
2061 毗
3 122,124,23
2062 啤
3 0,74,54
2063 脾
3 43,74,54
2064 疲
2 14,115
2065 皮
1 115
2066 匹
2 423,152
2067 痞
3 14,110,0
2068 僻
3 36,138,84
2069 屁
3 188,124,23
2070 譬
3 138,84,147
2071 篇
3 61,142,143
2072 偏
3 36,142,143
2073 片
1 82
2074 騙
3 167,142,143
2075 飄
3 149,150,333
2076 漂
3 59,149,150
2077 瓢
3 149,150,85
2078 票
2 149,150
2079 撇
3 6,130,52
2080 瞥
3 130,52,175
2081 拼
2 6,473
2082 頻
3 156,157,81
2083 貧
3 31,80,71
2084 品
3 0,0,0
2085 聘
3 233,225,226
2086 乒
1 474
2087 坪
2 3,227
2088 蘋
4 7,156,157,81
2089 萍
3 7,59,227
2090 平
1 227
2091 憑
3 159,167,28
2092 瓶
4 91,70,116,273
2093 評
2 15,227
2094 屏
4 188,91,70,116
2095 坡
2 3,115
2096 潑
5 59,164,165,45,79
2097 頗
2 115,81
2098 婆
3 59,115,21
2099 破
2 22,115
2100 魄
2 11,247
2101 迫
2 120,11
2102 粕
2 180,11
2103 剖
3 40,0,99
2104 撲
4 6,276,30,335
2105 鋪
2 95,100
2106 僕
4 36,276,30,335
2107 莆
2 7,100
2108 葡
3 7,17,100
2109 菩
3 7,40,0
2110 蒲
3 7,59,100
2111 埔
2 3,100
2112 樸
4 44,276,30,335
2113 圃
2 320,100
2114 普
3 30,162,39
2115 浦
2 59,100
2116 譜
4 15,30,162,39
2117 曝
5 39,39,105,31,98
2118 瀑
5 59,39,105,31,98
2119 期
3 390,31,66
2120 欺
3 390,31,265
2121 棲
3 44,475,21
2122 戚
3 221,312,313
2123 妻
2 475,21
2124 七
1 476
2125 淒
3 59,475,21
2126 漆
4 59,44,101,98
2127 柒
3 59,476,44
2128 沏
3 59,476,80
2129 其
2 390,31
2130 棋
3 44,390,31
2131 奇
3 37,2,0
2132 歧
2 156,238
2133 畦
3 122,3,3
2134 崎
4 12,37,2,0
2135 臍
2 43,395
2136 齊
1 395
2137 旗
4 51,103,390,31
2138 祈
2 294,179
2139 祁
2 294,88
2140 騎
4 167,37,2,0
2141 起
3 3,208,96
2142 豈
2 12,13
2143 乞
2 103,228
2144 企
2 101,156
2145 啟
3 142,0,52
2146 契
2 410,37
2147 砌
3 22,476,80
2148 器
5 0,0,248,0,0
2149 氣
2 35,180
2150 迄
3 120,103,228
2151 棄
2 239,477
2152 汽
2 59,35
2153 泣
2 59,40
2154 訖
3 15,103,228
2155 掐
3 6,279,191
2156 洽
4 59,101,70,0
2157 牽
4 9,270,27,232
2158 扡
2 6,230
2159 釺
2 95,190
2160 鉛
3 95,31,0
2161 千
1 190
2162 遷
4 120,478,37,280
2163 簽
7 61,101,70,0,0,19,19
2164 仟
2 36,190
2165 謙
3 15,30,401
2166 乾
5 54,39,54,103,228
2167 黔
4 291,101,70,370
2168 錢
3 95,174,174
2169 鉗
2 95,346
2170 前
3 30,66,99
2171 潛
4 59,178,178,16
2172 遣
4 120,240,70,360
2173 淺
3 59,174,174
2174 譴
5 15,120,240,70,360
2175 塹
3 113,179,3
2176 嵌
3 12,346,265
2177 欠
1 265
2178 歉
3 30,401,265
2179 槍
5 44,101,70,181,0
2180 嗆
5 0,101,70,181,0
2181 腔
3 43,141,195
2182 羌
2 348,152
2183 牆
4 182,479,320,0
2184 薔
4 7,479,320,0
2185 強
3 165,4,94
2186 搶
5 6,101,70,181,0
2187 橇
4 44,374,374,374
2188 鍬
3 95,20,109
2189 敲
5 9,0,205,0,424
2190 悄
3 58,204,43
2191 橋
5 44,406,0,205,0
2192 瞧
3 175,253,53
2193 喬
4 406,0,205,0
2194 僑
5 36,406,0,205,0
2195 巧
2 195,226
2196 鞘
3 33,204,43
2197 撬
4 6,374,374,374
2198 翹
5 3,3,3,362,55
2199 峭
3 12,204,43
2200 俏
3 36,204,43
2201 竅
4 141,11,51,52
2202 切
2 476,80
2203 茄
3 7,86,0
2204 且
1 251
2205 怯
3 58,3,4
2206 竊
6 141,163,268,385,19,272
2207 欽
2 95,265
2208 侵
4 36,341,27,79
2209 親
3 40,44,218
2210 秦
2 92,20
2211 琴
5 75,75,101,70,370
2212 勤
3 316,412,86
2213 芹
2 7,179
2214 擒
4 6,101,432,272
2215 禽
3 101,432,272
2216 寢
5 34,182,341,27,79
2217 沁
2 59,28
2218 青
1 173
2219 輕
4 113,70,210,195
2220 氫
4 35,70,210,195
2221 傾
3 36,124,81
2222 卿
3 440,102,47
2223 清
2 59,173
2224 擎
5 363,17,0,52,213
2225 晴
2 39,173
2226 氰
2 35,173
2227 情
2 58,173
2228 頃
2 124,81
2229 請
2 15,173
2230 慶
4 403,244,28,29
2231 瓊
6 75,279,385,19,175,52
2232 窮
3 141,322,165
2233 秋
2 20,109
2234 丘
1 158
2235 邱
2 158,88
2236 球
2 75,417
2237 求
1 417
2238 囚
2 320,19
2239 酋
2 91,242
2240 泅
3 59,320,19
2241 趨
6 3,208,17,252,17,252
2242 區
4 423,0,0,0
2243 蛆
2 94,251
2244 曲
1 433
2245 軀
5 322,423,0,0,0
2246 屈
3 188,249,104
2247 驅
5 167,423,0,0,0
2248 渠
3 59,418,44
2249 取
2 233,79
2250 娶
3 233,79,21
2251 齲
2 234,480
2252 趣
4 3,208,233,79
2253 去
2 3,4
2254 圈
3 320,386,280
2255 顴
5 363,0,0,253,81
2256 權
5 44,363,0,0,253
2257 醛
4 242,7,481,75
2258 泉
2 11,119
2259 全
2 481,75
2260 痊
3 14,481,75
2261 拳
2 386,213
2262 犬
1 248
2263 券
2 386,80
2264 勸
5 363,0,0,253,86
2265 缺
4 103,54,104,420
2266 炔
2 109,420
2267 瘸
4 14,86,0,43
2268 卻
2 357,47
2269 鵲
3 105,39,324
2270 榷
2 44,375
2271 確
2 22,375
2272 雀
2 313,253
2273 裙
3 56,415,0
2274 群
3 415,0,283
2275 然
3 171,248,53
2276 燃
4 109,171,248,53
2277 冉
1 220
2278 染
3 59,246,44
2279 瓤
6 9,10,0,0,354,85
2280 壤
6 3,9,10,0,0,354
2281 攘
6 6,9,10,0,0,354
2282 嚷
6 0,9,10,0,0,354
2283 讓
6 15,9,10,0,0,354
2284 饒
7 101,70,102,3,3,3,362
2285 擾
4 6,482,28,29
2286 繞
5 87,3,3,3,362
2287 惹
4 7,170,0,28
2288 熱
5 3,152,3,302,53
2289 壬
1 441
2290 仁
2 36,269
2291 人
1 19
2292 忍
2 483,28
2293 韌
4 368,0,369,483
2294 任
2 36,441
2295 認
3 15,483,28
2296 刃
1 483
2297 妊
2 21,441
2298 紉
2 87,483
2299 扔
2 6,463
2300 仍
2 36,463
2301 日
1 39
2302 戎
2 174,54
2303 茸
2 7,233
2304 蓉
3 7,34,357
2305 榮
4 109,109,27,44
2306 融
2 349,94
2307 熔
3 109,34,357
2308 溶
3 59,34,357
2309 容
2 34,357
2310 絨
3 87,174,54
2311 冗
2 27,45
2312 揉
3 6,453,44
2313 柔
2 453,44
2314 肉
1 43
2315 茹
3 7,21,0
2316 蠕
3 94,65,259
2317 儒
3 36,65,259
2318 孺
3 166,65,259
2319 如
2 21,0
2320 辱
2 214,89
2321 乳
3 26,166,379
2322 汝
2 59,21
2323 入
1 481
2324 褥
3 56,214,89
2325 軟
2 113,265
2326 阮
3 1,70,362
2327 蕊
4 7,28,28,28
2328 瑞
3 75,12,259
2329 銳
2 95,318
2330 閏
2 136,75
2331 潤
3 59,136,75
2332 若
3 7,170,0
2333 弱
4 165,159,165,159
2334 撒
4 6,105,43,52
2335 灑
3 59,435,215
2336 薩
5 7,1,76,41,202
2337 腮
3 43,122,28
2338 鰓
3 108,122,28
2339 塞
2 371,3
2340 賽
2 371,71
2341 三
1 484
2342 三
1 484
2343 傘
6 101,19,19,19,19,54
2344 散
3 105,43,52
2345 桑
4 79,79,79,44
2346 嗓
5 0,79,79,79,44
2347 喪
4 3,0,0,467
2348 搔
3 6,485,94
2349 騷
3 167,485,94
2350 掃
4 6,341,27,90
2351 嫂
3 21,486,79
2352 瑟
3 75,75,133
2353 色
1 487
2354 澀
5 59,483,483,156,156
2355 森
3 44,44,44
2356 僧
4 36,91,189,16
2357 莎
3 7,59,209
2358 砂
2 22,209
2359 殺
4 8,488,45,79
2360 刹
3 8,488,99
2361 沙
2 59,209
2362 紗
2 87,209
2363 傻
5 36,128,129,152,29
2364 啥
5 0,101,70,54,0
2365 煞
4 279,341,52,53
2366 篩
4 61,169,70,90
2367 曬
3 39,435,215
2368 珊
2 75,489
2369 苫
3 7,268,0
2370 杉
2 44,153
2371 山
1 12
2372 刪
2 187,99
2373 煽
3 109,142,55
2374 衫
2 56,153
2375 閃
2 136,19
2376 陝
4 1,37,481,481
2377 擅
4 6,125,39,70
2378 贍
5 71,279,41,152,147
2379 膳
4 43,348,30,0
2380 善
3 348,30,0
2381 汕
2 59,12
2382 扇
2 142,55
2383 繕
4 87,348,30,0
2384 墒
6 3,9,91,205,152,0
2385 傷
6 36,103,39,70,17,203
2386 商
5 9,91,205,152,0
2387 賞
4 204,205,0,71
2388 晌
3 39,490,0
2389 上
1 312
2390 尚
3 204,205,0
2391 裳
5 204,205,0,9,10
2392 梢
3 44,204,43
2393 捎
3 6,204,43
2394 稍
3 20,204,43
2395 燒
5 109,3,3,3,362
2396 芍
2 7,107
2397 勺
1 107
2398 韶
4 40,39,80,0
2399 少
1 209
2400 哨
3 0,204,43
2401 邵
3 80,0,88
2402 紹
3 87,80,0
2403 奢
3 37,250,39
2404 賒
3 71,101,150
2405 蛇
3 94,34,23
2406 舌
1 491
2407 舍
4 101,70,54,0
2408 赦
2 237,52
2409 攝
4 6,233,233,233
2410 射
2 322,89
2411 懾
4 58,233,233,233
2412 涉
3 59,156,157
2413 社
2 294,3
2414 設
3 15,45,79
2415 砷
2 22,207
2416 申
1 207
2417 呻
2 0,207
2418 伸
2 36,207
2419 身
1 322
2420 深
4 59,27,31,44
2421 娠
2 21,214
2422 紳
2 87,207
2423 神
2 294,207
2424 沈
2 59,216
2425 審
3 34,163,122
2426 嬸
4 21,34,163,122
2427 甚
3 422,423,152
2428 腎
3 183,79,43
2429 慎
4 58,54,255,31
2430 滲
6 59,4,4,4,101,153
2431 聲
5 50,455,45,79,233
2432 生
1 202
2433 甥
3 202,122,86
2434 牲
2 315,202
2435 升
1 492
2436 繩
2 87,493
2437 省
2 209,175
2438 盛
3 221,222,32
2439 剩
4 20,112,23,99
2440 勝
3 66,386,86
2441 聖
3 233,0,223
2442 師
3 169,70,90
2443 失
1 304
2444 獅
4 114,169,70,90
2445 施
3 51,103,230
2446 濕
5 59,39,270,270,53
2447 詩
3 15,50,89
2448 屍
3 188,132,23
2449 虱
3 494,70,94
2450 十
1 54
2451 石
1 22
2452 拾
4 6,101,70,0
2453 時
3 39,50,89
2454 什
2 36,54
2455 食
3 101,70,177
2456 蝕
4 101,70,102,94
2457 實
3 34,364,71
2458 識
4 15,40,39,174
2459 史
1 495
2460 矢
1 5
2461 使
2 36,434
2462 屎
2 188,180
2463 駛
2 167,495
2464 始
3 21,4,0
2465 式
2 286,195
2466 示
1 150
2467 士
1 50
2468 世
1 305
2469 柿
3 44,9,90
2470 事
1 496
2471 拭
3 6,286,195
2472 誓
3 6,179,147
2473 逝
3 120,6,179
2474 勢
5 3,152,3,302,86
2475 是
2 39,229
2476 嗜
4 0,250,23,39
2477 噬
3 0,61,442
2478 適
6 120,9,91,205,54,0
2479 仕
2 36,50
2480 侍
3 36,50,89
2481 釋
4 163,67,3,277
2482 飾
5 101,70,102,103,90
2483 氏
1 297
2484 市
2 9,90
2485 恃
3 58,50,89
2486 室
2 34,293
2487 視
2 294,218
2488 試
3 15,286,195
2489 收
2 408,52
2490 手
1 213
2491 首
1 295
2492 守
2 34,89
2493 壽
6 3,244,195,70,0,89
2494 授
4 6,26,27,79
2495 售
2 253,0
2496 受
3 26,27,79
2497 瘦
3 14,486,79
2498 獸
6 0,0,122,70,0,248
2499 蔬
3 7,497,444
2500 樞
5 44,423,0,0,0
2501 梳
2 44,444
2502 殊
2 132,498
2503 抒
2 6,499
2504 輸
5 113,101,70,66,99
2505 叔
3 312,313,79
2506 舒
5 101,70,54,0,499
2507 淑
4 59,312,313,79
2508 疏
2 497,444
2509 書
2 383,16
2510 贖
4 71,50,67,71
2511 孰
4 9,0,166,302
2512 熟
5 9,0,166,302,53
2513 薯
4 7,67,250,39
2514 暑
3 39,250,39
2515 曙
4 39,67,250,39
2516 署
3 67,250,39
2517 蜀
3 67,17,94
2518 黍
1 500
2519 鼠
1 278
2520 屬
5 188,231,67,17,94
2521 術
2 377,488
2522 述
2 120,488
2523 樹
4 44,54,13,89
2524 束
1 426
2525 戍
1 459
2526 豎
3 183,79,13
2527 墅
3 201,499,3
2528 庶
3 134,316,53
2529 數
3 445,21,52
2530 漱
3 59,426,265
2531 恕
3 21,0,28
2532 刷
3 188,90,99
2533 耍
2 259,21
2534 摔
2 6,448
2535 衰
3 9,10,501
2536 甩
2 245,502
2537 帥
2 169,90
2538 栓
3 44,481,75
2539 拴
3 6,481,75
2540 霜
3 65,44,175
2541 雙
3 253,253,79
2542 爽
3 37,168,168
2543 誰
2 15,253
2544 水
1 119
2545 睡
2 175,266
2546 稅
2 20,318
2547 吮
3 0,4,152
2548 瞬
5 175,26,27,235,369
2549 順
2 260,81
2550 舜
4 26,27,235,369
2551 說
2 15,318
2552 碩
2 22,81
2553 朔
3 30,252,66
2554 爍
5 109,270,11,270,44
2555 斯
3 390,31,179
2556 撕
4 6,390,31,179
2557 嘶
4 0,390,31,179
2558 思
2 122,28
2559 私
2 20,4
2560 司
2 222,121
2561 絲
2 87,148
2562 死
2 132,23
2563 肆
2 503,126
2564 寺
2 50,89
2565 嗣
4 0,143,222,121
2566 四
1 504
2567 伺
3 36,222,121
2568 似
3 36,505,19
2569 飼
5 101,70,102,222,121
2570 巳
1 96
2571 松
3 44,31,4
2572 聳
5 127,19,19,208,233
2573 慫
5 127,19,19,208,28
2574 頌
3 31,4,81
2575 送
4 120,91,70,37
2576 宋
2 34,44
2577 訟
3 15,31,4
2578 誦
3 15,24,118
2579 搜
3 6,486,79
2580 艘
3 78,486,79
2581 擻
4 6,445,21,52
2582 嗽
3 0,426,265
2583 蘇
3 7,108,20
2584 酥
2 242,20
2585 俗
2 36,357
2586 素
2 154,148
2587 速
2 120,426
2588 粟
2 149,180
2589 塑
4 30,252,66,3
2590 溯
4 59,30,252,66
2591 宿
4 34,36,70,11
2592 訴
2 15,197
2593 肅
1 506
2594 酸
4 242,4,152,29
2595 蒜
3 7,150,150
2596 算
3 61,175,116
2597 雖
3 0,94,253
2598 隋
4 1,170,195,43
2599 隨
5 1,120,170,195,43
2600 綏
3 87,26,21
2601 髓
5 356,120,170,195,43
2602 碎
5 22,9,19,19,54
2603 歲
4 156,221,70,157
2604 穗
3 20,262,28
2605 遂
2 120,319
2606 隧
3 1,120,319
2607 祟
3 249,104,150
2608 孫
2 166,507
2609 損
3 6,0,71
2610 筍
3 61,17,39
2611 蓑
4 7,9,10,501
2612 梭
4 44,4,152,29
2613 唆
4 0,4,152,29
2614 縮
5 87,34,36,70,11
2615 瑣
3 75,204,71
2616 索
3 54,27,148
2617 鎖
3 95,204,71
2618 所
2 142,179
2619 塌
2 3,508
2620 他
2 36,230
2621 它
2 34,23
2622 她
2 21,230
2623 塔
5 3,7,101,70,0
2624 獺
4 114,426,80,71
2625 撻
4 6,120,3,283
2626 蹋
2 63,508
2627 踏
3 63,119,39
2628 胎
3 43,4,0
2629 苔
3 7,4,0
2630 抬
3 6,4,0
2631 台
2 4,0
2632 泰
2 92,98
2633 酞
2 242,509
2634 太
1 509
2635 態
4 68,23,23,28
2636 汰
2 59,509
2637 坍
2 3,288
2638 攤
3 6,372,253
2639 貪
4 101,70,370,71
2640 癱
3 14,372,253
2641 灘
3 59,372,253
2642 壇
4 3,125,39,70
2643 檀
4 44,125,39,70
2644 痰
3 14,109,109
2645 潭
4 59,149,39,54
2646 譚
4 15,149,39,54
2647 談
3 15,109,109
2648 坦
3 3,39,70
2649 毯
3 374,109,109
2650 袒
3 56,39,70
2651 碳
4 22,12,41,109
2652 探
4 6,27,31,44
2653 歎
2 372,265
2654 炭
3 12,41,109
2655 湯
5 59,39,70,17,203
2656 塘
4 3,134,510,0
2657 搪
4 6,134,510,0
2658 堂
4 204,205,0,3
2659 棠
4 204,205,0,44
2660 膛
5 43,204,205,0,3
2661 唐
3 134,510,0
2662 糖
4 180,134,510,0
2663 倘
4 36,204,205,0
2664 躺
4 322,204,205,0
2665 淌
4 59,204,205,0
2666 趟
5 3,208,204,205,0
2667 燙
6 59,39,70,17,203,109
2668 掏
5 6,17,103,54,104
2669 濤
7 59,3,244,195,70,0,89
2670 滔
3 59,26,191
2671 絛
4 36,298,52,148
2672 萄
5 7,17,103,54,104
2673 桃
2 44,511
2674 逃
2 120,511
2675 淘
5 59,17,103,54,104
2676 陶
5 1,17,103,54,104
2677 討
2 15,89
2678 套
2 37,503
2679 特
3 315,50,89
2680 藤
4 7,43,386,98
2681 騰
3 66,386,167
2682 疼
3 14,258,307
2683 謄
3 66,386,147
2684 梯
3 44,91,299
2685 剔
4 39,17,203,99
2686 踢
4 63,39,17,203
2687 銻
3 95,91,299
2688 提
3 6,39,229
2689 題
3 39,229,81
2690 蹄
5 63,9,91,27,90
2691 啼
5 0,9,91,27,90
2692 體
3 356,433,13
2693 替
3 335,335,16
2694 嚏
5 0,54,27,122,25
2695 惕
4 58,39,17,203
2696 涕
3 59,91,299
2697 剃
3 91,299,99
2698 屜
3 188,127,305
2699 天
2 70,37
2700 添
4 59,70,37,352
2701 填
4 3,54,255,31
2702 田
1 122
2703 甜
2 491,346
2704 恬
2 58,491
2705 舔
4 491,70,37,352
2706 腆
3 43,301,31
2707 挑
2 6,511
2708 條
4 36,298,52,44
2709 迢
3 120,80,0
2710 眺
2 175,511
2711 跳
2 63,511
2712 貼
3 71,268,0
2713 鐵
2 95,512
2714 帖
3 90,268,0
2715 廳
7 134,233,223,54,67,70,28
2716 聽
6 233,223,54,67,70,28
2717 烴
4 109,70,210,195
2718 汀
2 59,284
2719 廷
2 289,223
2720 停
5 36,9,0,27,284
2721 亭
4 9,0,27,284
2722 庭
3 134,289,223
2723 挺
3 6,289,223
2724 艇
3 78,289,223
2725 通
3 120,24,118
2726 桐
3 44,205,121
2727 酮
3 242,205,121
2728 瞳
3 175,40,201
2729 同
2 205,121
2730 銅
3 95,205,121
2731 彤
2 288,153
2732 童
2 40,201
2733 桶
3 44,24,118
2734 捅
3 6,24,118
2735 筒
3 61,205,121
2736 統
3 87,239,152
2737 痛
3 14,24,118
2738 偷
5 36,101,70,66,99
2739 投
3 6,45,79
2740 頭
2 13,81
2741 透
3 120,20,463
2742 凸
1 513
2743 禿
2 20,152
2744 突
2 141,248
2745 圖
3 320,0,125
2746 徒
3 127,3,208
2747 途
4 120,101,70,254
2748 塗
5 59,101,70,254,3
2749 屠
3 188,250,39
2750 土
1 3
2751 吐
2 0,3
2752 兔
1 199
2753 湍
3 59,12,259
2754 團
3 320,262,89
2755 推
2 6,253
2756 頹
3 20,152,81
2757 腿
3 43,120,177
2758 蛻
2 94,318
2759 褪
3 56,120,177
2760 退
2 120,177
2761 吞
3 70,37,0
2762 屯
1 267
2763 臀
6 188,105,31,45,79,43
2764 拖
3 6,103,230
2765 托
2 6,196
2766 脫
2 43,318
2767 鴕
3 324,34,23
2768 陀
3 1,34,23
2769 馱
2 167,37
2770 駝
3 167,34,23
2771 橢
5 44,1,170,195,43
2772 妥
2 26,21
2773 拓
2 6,22
2774 唾
2 0,266
2775 挖
3 6,141,228
2776 哇
3 0,3,3
2777 蛙
3 94,3,3
2778 窪
4 141,59,3,3
2779 娃
3 21,3,3
2780 瓦
1 273
2781 襪
4 56,363,67,459
2782 歪
3 110,70,156
2783 外
2 235,340
2784 豌
4 13,34,235,280
2785 彎
2 145,165
2786 灣
3 59,145,165
2787 玩
3 75,70,362
2788 頑
3 70,362,81
2789 丸
1 302
2790 烷
4 109,34,70,362
2791 完
3 34,70,362
2792 碗
4 22,34,235,280
2793 挽
3 6,279,457
2794 晚
3 39,279,457
2795 皖
4 11,34,70,362
2796 惋
4 58,34,235,280
2797 宛
3 34,235,280
2798 婉
4 21,34,235,280
2799 萬
2 7,436
2800 腕
4 43,34,235,280
2801 汪
2 59,75
2802 王
1 75
2803 亡
1 387
2804 枉
2 44,75
2805 網
4 87,205,30,387
2806 往
2 127,514
2807 旺
2 39,75
2808 望
3 387,515,223
2809 忘
2 387,28
2810 妄
2 387,21
2811 威
3 221,70,21
2812 巍
4 12,20,21,247
2813 微
5 127,12,70,152,52
2814 危
3 279,41,280
2815 韋
3 368,0,369
2816 違
4 120,368,0,369
2817 桅
4 44,279,41,280
2818 圍
4 320,368,0,369
2819 唯
2 0,253
2820 惟
2 58,253
2821 為
1 516
2822 濰
3 59,87,253
2823 維
2 87,253
2824 葦
4 7,368,0,369
2825 萎
3 7,20,21
2826 委
2 20,21
2827 偉
4 36,368,0,369
2828 偽
2 36,516
2829 尾
2 188,374
2830 緯
4 87,368,0,369
2831 未
1 456
2832 蔚
4 7,188,150,89
2833 味
2 0,456
2834 畏
3 122,70,467
2835 胃
2 122,43
2836 喂
4 0,122,70,467
2837 魏
3 20,21,247
2838 位
2 36,40
2839 渭
3 59,122,43
2840 謂
3 15,122,43
2841 尉
3 188,150,89
2842 慰
4 188,150,89,28
2843 衛
4 377,368,0,369
2844 瘟
4 14,320,19,32
2845 溫
4 59,320,19,32
2846 蚊
2 94,76
2847 文
1 76
2848 聞
2 136,233
2849 紋
2 87,76
2850 吻
3 0,17,203
2851 穩
5 20,271,195,517,28
2852 紊
2 76,148
2853 問
2 136,0
2854 嗡
4 0,31,4,55
2855 翁
3 31,4,55
2856 甕
4 9,518,253,273
2857 撾
4 6,120,358,0
2858 蝸
3 94,358,0
2859 渦
3 59,358,0
2860 窩
3 141,358,0
2861 我
1 323
2862 斡
5 54,39,54,101,310
2863 臥
2 183,19
2864 握
3 6,188,293
2865 沃
2 59,406
2866 巫
1 442
2867 嗚
3 0,519,53
2868 鎢
3 95,519,53
2869 烏
2 519,53
2870 汙
2 59,520
2871 誣
2 15,442
2872 屋
2 188,293
2873 無
4 103,338,70,53
2874 蕪
5 7,103,338,70,53
2875 梧
3 44,521,0
2876 吾
2 521,0
2877 吳
2 0,522
2878 毋
1 314
2879 武
2 155,156
2880 五
1 521
2881 捂
3 6,521,0
2882 午
2 103,54
2883 舞
5 103,338,70,235,369
2884 伍
2 36,521
2885 侮
3 36,103,328
2886 塢
3 3,519,53
2887 戊
1 221
2888 霧
4 65,453,52,86
2889 晤
3 39,521,0
2890 物
3 315,17,203
2891 勿
2 17,203
2892 務
3 453,52,86
2893 悟
3 58,521,0
2894 誤
3 15,0,522
2895 昔
2 105,39
2896 熙
3 394,96,53
2897 析
2 44,179
2898 西
1 523
2899 硒
2 22,523
2900 晰
3 39,44,179
2901 嘻
4 0,54,13,0
2902 吸
2 0,389
2903 錫
4 95,39,17,203
2904 犧
6 315,348,36,174,31,226
2905 稀
4 20,129,170,90
2906 息
2 140,28
2907 希
3 129,170,90
2908 悉
2 163,28
2909 膝
4 43,44,101,98
2910 夕
1 235
2911 惜
3 58,105,39
2912 熄
3 109,140,28
2913 烯
4 109,129,170,90
2914 溪
4 59,26,270,37
2915 汐
2 59,235
2916 犀
3 188,231,232
2917 檄
4 44,11,51,52
2918 襲
3 241,9,10
2919 席
3 134,316,90
2920 習
2 55,11
2921 媳
3 21,140,28
2922 喜
3 54,13,0
2923 銑
3 95,184,152
2924 洗
3 59,184,152
2925 系
1 507
2926 隙
4 1,313,39,313
2927 戲
3 151,13,174
2928 細
2 87,122
2929 瞎
4 175,34,73,0
2930 蝦
4 94,399,309,79
2931 匣
2 330,398
2932 霞
4 65,399,309,79
2933 轄
4 113,34,73,0
2934 暇
4 39,399,309,79
2935 峽
2 12,397
2936 俠
2 36,397
2937 狹
2 114,397
2938 下
1 524
2939 廈
3 134,342,29
2940 夏
2 342,29
2941 嚇
3 0,237,237
2942 掀
3 6,179,265
2943 鍁
3 95,179,265
2944 先
2 184,152
2945 仙
2 36,12
2946 鮮
2 108,283
2947 纖
4 87,400,111,70
2948 鹹
4 446,221,70,0
2949 賢
3 183,79,71
2950 銜
2 377,405
2951 舷
2 78,256
2952 閑
2 136,44
2953 涎
3 59,289,290
2954 弦
2 165,256
2955 嫌
3 21,30,401
2956 顯
5 39,270,270,53,81
2957 險
7 1,101,70,0,0,19,19
2958 現
2 75,218
2959 獻
3 151,349,248
2960 縣
3 255,313,507
2961 腺
3 43,11,119
2962 餡
5 101,70,102,279,191
2963 羨
3 348,59,265
2964 憲
4 34,73,67,28
2965 陷
3 1,279,191
2966 限
2 1,177
2967 線
3 87,11,119
2968 相
2 44,175
2969 廂
3 134,44,175
2970 鑲
6 95,9,10,0,0,354
2971 香
2 20,39
2972 箱
3 61,44,175
2973 襄
5 9,10,0,0,354
2974 湘
3 59,44,175
2975 鄉
3 518,430,88
2976 翔
2 283,55
2977 祥
2 294,283
2978 詳
2 15,283
2979 想
3 44,175,28
2980 響
5 518,430,88,40,39
2981 享
3 9,0,166
2982 項
2 195,81
2983 巷
3 105,31,96
2984 橡
4 44,279,525,261
2985 像
4 36,279,525,261
2986 向
2 490,0
2987 象
3 279,525,261
2988 蕭
2 7,506
2989 硝
3 22,204,43
2990 霄
3 65,204,43
2991 削
3 204,43,99
2992 哮
3 0,250,166
2993 囂
5 0,0,81,0,0
2994 銷
3 95,204,43
2995 消
3 59,204,43
2996 宵
3 34,204,43
2997 淆
4 59,129,170,43
2998 曉
5 39,3,3,3,362
2999 小
1 313
3000 孝
2 250,166
3001 校
3 44,9,69
3002 肖
2 204,43
3003 嘯
2 0,506
3004 笑
2 61,406
3005 效
3 9,69,52
3006 楔
3 44,410,37
3007 些
3 156,23,269
3008 歇
5 16,17,18,19,265
3009 蠍
6 94,16,17,18,19,265
3010 鞋
3 33,3,3
3011 協
4 54,86,86,86
3012 挾
2 6,397
3013 攜
6 6,12,253,205,152,0
3014 邪
2 219,88
3015 斜
4 101,70,254,310
3016 脅
4 86,86,86,43
3017 諧
4 15,124,23,11
3018 寫
4 34,191,17,53
3019 械
3 44,174,116
3020 卸
2 526,47
3021 蟹
4 257,80,232,94
3022 懈
4 58,257,80,232
3023 泄
2 59,305
3024 瀉
5 59,34,191,17,53
3025 謝
3 15,322,89
3026 屑
3 188,204,43
3027 薪
4 7,40,44,179
3028 芯
2 7,28
3029 鋅
2 95,84
3030 欣
2 179,265
3031 辛
1 84
3032 新
3 40,44,179
3033 忻
2 58,179
3034 心
1 28
3035 信
2 36,147
3036 釁
6 407,27,527,242,31,80
3037 星
2 39,202
3038 腥
3 43,39,202
3039 猩
3 114,39,202
3040 惺
3 58,39,202
3041 興
5 407,70,31,205,121
3042 刑
3 70,116,99
3043 型
4 70,116,99,3
3044 形
3 42,42,153
3045 邢
3 70,116,88
3046 行
1 377
3047 醒
3 242,39,202
3048 幸
2 3,277
3049 杏
2 44,0
3050 性
2 58,202
3051 姓
2 21,202
3052 兄
2 0,152
3053 凶
2 104,129
3054 胸
4 43,17,104,129
3055 匈
3 17,104,129
3056 洶
4 59,17,104,129
3057 雄
3 170,4,253
3058 熊
4 68,23,23,53
3059 休
2 36,44
3060 修
4 36,298,52,153
3061 羞
2 194,468
3062 朽
2 44,226
3063 嗅
3 0,140,248
3064 鏽
2 95,506
3065 秀
2 20,463
3066 袖
2 56,225
3067 繡
2 87,506
3068 墟
3 3,151,162
3069 戌
2 221,70
3070 需
2 65,259
3071 虛
2 151,162
3072 噓
3 0,151,162
3073 須
2 153,81
3074 徐
4 127,101,70,254
3075 許
3 15,103,54
3076 蓄
3 7,256,122
3077 酗
3 242,104,129
3078 敘
4 101,70,254,52
3079 旭
2 246,39
3080 序
2 134,499
3081 畜
2 256,122
3082 恤
2 58,528
3083 絮
3 21,0,148
3084 婿
3 21,25,43
3085 緒
3 87,250,39
3086 續
4 87,50,67,71
3087 軒
2 113,42
3088 喧
5 0,34,70,39,70
3089 宣
4 34,70,39,70
3090 懸
4 255,313,507,28
3091 旋
3 51,103,25
3092 玄
1 256
3093 選
5 120,96,96,105,31
3094 癬
3 14,108,283
3095 眩
2 175,256
3096 絢
3 87,17,39
3097 靴
3 33,36,23
3098 薛
3 7,169,84
3099 學
5 407,27,129,129,166
3100 穴
1 141
3101 雪
2 65,341
3102 血
1 528
3103 勳
2 529,86
3104 熏
1 529
3105 循
3 127,300,321
3106 旬
2 17,39
3107 詢
3 15,17,39
3108 尋
4 341,195,0,89
3109 馴
2 167,260
3110 巡
2 120,210
3111 殉
3 132,17,39
3112 汛
3 59,494,54
3113 訓
2 15,260
3114 訊
3 15,494,54
3115 遜
3 120,166,507
3116 迅
3 120,494,54
3117 壓
5 41,39,43,248,3
3118 押
2 6,398
3119 鴉
2 219,324
3120 鴨
2 398,324
3121 呀
2 0,219
3122 芽
2 7,219
3123 牙
1 219
3124 蚜
2 94,219
3125 崖
4 12,41,3,3
3126 衙
3 377,521,0
3127 涯
4 59,41,3,3
3128 雅
2 219,253
3129 啞
2 0,325
3130 亞
1 325
3131 訝
2 15,219
3132 焉
4 70,156,404,53
3133 咽
3 0,320,37
3134 閹
3 136,37,38
3135 煙
3 109,523,3
3136 淹
3 59,37,38
3137 鹽
4 183,103,446,32
3138 嚴
6 0,0,41,347,233,52
3139 研
3 22,70,116
3140 蜒
3 94,289,290
3141 岩
2 12,22
3142 延
2 289,290
3143 言
1 147
3144 顏
2 530,81
3145 閻
3 136,279,191
3146 炎
2 109,109
3147 沿
3 59,45,0
3148 奄
2 37,38
3149 掩
3 6,37,38
3150 眼
2 175,177
3151 衍
2 377,59
3152 演
5 59,34,70,225,31
3153 豔
7 12,73,73,13,3,4,32
3154 堰
4 3,423,39,21
3155 燕
5 316,112,0,23,53
3156 厭
4 41,39,43,248
3157 硯
2 22,218
3158 雁
3 41,36,253
3159 唁
2 0,147
3160 彥
1 530
3161 焰
3 109,279,191
3162 宴
3 34,39,21
3163 諺
2 15,530
3164 驗
7 167,101,70,0,0,19,19
3165 殃
2 132,48
3166 央
1 48
3167 鴦
2 48,324
3168 秧
2 20,48
3169 楊
5 44,39,70,17,203
3170 揚
5 6,39,70,17,203
3171 佯
2 36,283
3172 瘍
5 14,39,70,17,203
3173 羊
1 283
3174 洋
2 59,283
3175 陽
5 1,39,70,17,203
3176 氧
2 35,283
3177 仰
3 36,46,47
3178 癢
5 14,348,101,70,177
3179 養
4 348,101,70,177
3180 樣
3 44,348,531
3181 漾
3 59,348,531
3182 邀
4 120,11,51,52
3183 腰
3 43,149,21
3184 妖
2 21,406
3185 瑤
5 75,171,103,54,104
3186 搖
5 6,171,103,54,104
3187 堯
4 3,3,3,362
3188 遙
2 120,532
3189 窯
3 141,348,53
3190 謠
2 15,532
3191 姚
2 21,511
3192 咬
3 0,9,69
3193 舀
2 26,191
3194 藥
5 7,270,11,270,44
3195 要
2 149,21
3196 耀
4 365,152,55,253
3197 椰
3 44,233,88
3198 噎
4 0,50,27,13
3199 耶
2 233,88
3200 爺
3 69,233,88
3201 野
2 201,499
3202 冶
3 159,4,0
3203 也
1 230
3204 頁
1 81
3205 掖
4 6,9,36,533
3206 業
3 276,30,456
3207 葉
3 7,305,44
3208 曳
1 534
3209 腋
4 43,9,36,533
3210 夜
3 9,36,533
3211 液
4 59,9,36,533
3212 一
1 70
3213 壹
3 50,27,13
3214 醫
5 423,5,45,79,242
3215 揖
3 6,0,233
3216 銥
3 95,9,10
3217 依
3 36,9,10
3218 伊
2 36,415
3219 衣
2 9,10
3220 頤
2 394,81
3221 夷
1 535
3222 遺
4 120,240,70,71
3223 移
3 20,235,235
3224 儀
3 36,348,323
3225 胰
2 43,535
3226 疑
4 23,5,24,25
3227 沂
2 59,179
3228 宜
2 34,251
3229 姨
2 21,535
3230 彝
4 97,180,148,116
3231 椅
4 44,37,2,0
3232 蟻
3 94,348,323
3233 倚
4 36,37,2,0
3234 已
1 536
3235 乙
1 228
3236 矣
2 4,5
3237 以
2 505,19
3238 藝
7 7,3,152,3,302,269,4
3239 抑
3 6,46,47
3240 易
3 39,17,203
3241 邑
2 0,60
3242 屹
3 12,103,228
3243 億
4 36,40,39,28
3244 役
3 127,45,79
3245 臆
4 43,40,39,28
3246 逸
2 120,199
3247 肄
3 23,5,126
3248 疫
3 14,45,79
3249 亦
2 9,393
3250 裔
5 9,10,205,152,0
3251 意
3 40,39,28
3252 毅
4 40,261,45,79
3253 憶
4 58,40,39,28
3254 義
2 348,323
3255 益
3 30,31,32
3256 溢
4 59,30,31,32
3257 詣
3 15,23,39
3258 議
3 15,348,323
3259 誼
3 15,34,251
3260 譯
4 15,67,3,277
3261 異
3 122,105,31
3262 翼
4 55,122,105,31
3263 翌
2 55,40
3264 繹
4 87,67,3,277
3265 茵
3 7,320,37
3266 蔭
7 7,1,101,70,370,269,4
3267 因
2 320,37
3268 殷
3 537,45,79
3269 音
2 40,39
3270 陰
6 1,101,70,370,269,4
3271 姻
3 21,320,37
3272 吟
4 0,101,70,370
3273 銀
2 95,177
3274 淫
3 59,26,223
3275 寅
4 34,70,225,31
3276 飲
4 101,70,102,265
3277 尹
1 415
3278 引
2 165,298
3279 隱
5 1,271,195,517,28
3280 印
2 538,47
3281 英
2 7,48
3282 櫻
4 44,71,71,21
3283 嬰
3 71,71,21
3284 鷹
4 134,36,253,324
3285 應
4 134,36,253,28
3286 纓
4 87,71,71,21
3287 瑩
4 109,109,27,539
3288 螢
4 109,109,27,94
3289 營
4 109,109,27,353
3290 熒
4 109,109,27,109
3291 蠅
2 94,493
3292 迎
3 120,46,47
3293 贏
5 387,0,66,540,71
3294 盈
3 463,79,32
3295 影
5 39,9,0,313,153
3296 穎
3 23,20,81
3297 硬
2 22,139
3298 映
2 39,48
3299 喲
3 0,87,107
3300 擁
4 6,9,518,253
3301 傭
3 36,134,541
3302 臃
4 43,9,518,253
3303 癰
5 14,210,0,60,253
3304 庸
2 134,541
3305 雍
3 9,518,253
3306 踴
4 63,24,118,86
3307 蛹
3 94,24,118
3308 詠
2 15,531
3309 泳
2 59,531
3310 湧
4 59,24,118,86
3311 永
1 531
3312 恿
3 24,118,28
3313 勇
3 24,118,86
3314 用
1 118
3315 幽
3 12,270,270
3316 優
4 36,482,28,29
3317 悠
4 36,298,52,28
3318 憂
3 482,28,29
3319 尤
1 392
3320 由
1 225
3321 郵
2 266,88
3322 鈾
2 95,225
3323 猶
3 114,91,242
3324 油
2 59,225
3325 游
4 59,51,103,166
3326 酉
1 242
3327 有
2 170,66
3328 友
2 170,79
3329 右
2 170,0
3330 佑
3 36,170,0
3331 釉
3 26,44,225
3332 誘
3 15,20,463
3333 又
1 79
3334 幼
2 270,86
3335 迂
2 120,520
3336 淤
4 59,51,101,307
3337 于
1 520
3338 盂
2 520,32
3339 榆
5 44,101,70,66,99
3340 虞
3 151,0,522
3341 愚
2 436,28
3342 輿
4 407,70,31,113
3343 余
3 101,70,254
3344 俞
4 101,70,66,99
3345 逾
5 120,101,70,66,99
3346 魚
1 108
3347 愉
5 58,101,70,66,99
3348 渝
5 59,101,70,66,99
3349 漁
2 59,108
3350 隅
2 1,436
3351 予
1 499
3352 娛
3 21,0,522
3353 雨
1 65
3354 與
4 407,70,31,419
3355 嶼
5 12,407,70,31,419
3356 禹
1 480
3357 宇
2 34,520
3358 語
3 15,521,0
3359 羽
1 55
3360 玉
1 539
3361 域
4 3,174,0,70
3362 芋
2 7,520
3363 郁
3 170,66,88
3364 籲
8 61,101,70,0,0,0,187,81
3365 遇
2 120,436
3366 喻
5 0,101,70,66,99
3367 峪
2 12,357
3368 禦
4 127,526,47,150
3369 愈
5 101,70,66,99,28
3370 欲
2 357,265
3371 獄
3 114,147,248
3372 育
3 9,4,43
3373 譽
5 407,70,31,419,147
3374 浴
2 59,357
3375 寓
2 34,436
3376 裕
2 56,357
3377 預
2 499,81
3378 豫
4 499,279,525,261
3379 馭
2 167,79
3380 鴛
3 235,280,324
3381 淵
2 59,542
3382 冤
2 27,199
3383 元
2 70,362
3384 垣
4 3,70,39,70
3385 袁
3 3,0,10
3386 原
3 41,11,313
3387 援
5 6,26,70,170,79
3388 轅
4 113,3,0,10
3389 園
4 320,3,0,10
3390 員
2 0,71
3391 圓
3 320,0,71
3392 猿
4 114,3,0,10
3393 源
4 59,41,11,313
3394 緣
3 87,97,261
3395 遠
4 120,3,0,10
3396 苑
3 7,235,280
3397 願
4 41,11,313,81
3398 怨
3 235,280,28
3399 院
4 1,34,70,362
3400 曰
1 16
3401 約
2 87,107
3402 越
3 3,208,543
3403 躍
3 63,55,253
3404 鑰
7 95,101,70,0,0,0,187
3405 嶽
4 12,114,147,248
3406 粵
3 128,180,226
3407 月
1 66
3408 悅
2 58,318
3409 閱
2 136,318
3410 耘
3 64,269,4
3411 雲
3 65,269,4
3412 鄖
3 0,71,88
3413 勻
1 421
3414 隕
3 1,0,71
3415 允
2 4,152
3416 運
3 120,27,113
3417 蘊
5 7,87,320,19,32
3418 醞
4 242,320,19,32
3419 暈
3 39,27,113
3420 韻
4 40,39,0,71
3421 孕
2 463,166
3422 匝
2 330,90
3423 砸
3 22,330,90
3424 雜
5 9,19,19,44,253
3425 栽
3 54,174,44
3426 哉
3 54,174,0
3427 災
2 210,109
3428 宰
2 34,84
3429 載
3 54,174,113
3430 再
2 70,220
3431 在
2 193,3
3432 咱
2 0,140
3433 攢
6 6,184,152,184,152,71
3434 暫
3 113,179,39
3435 贊
5 184,152,184,152,71
3436 贓
4 71,182,174,183
3437 髒
5 356,7,132,23,116
3438 葬
4 7,132,23,116
3439 遭
3 120,185,16
3440 糟
3 180,185,16
3441 鑿
6 276,277,191,45,79,405
3442 藻
6 7,59,0,0,0,44
3443 棗
2 186,186
3444 早
2 39,54
3445 澡
5 59,0,0,0,44
3446 蚤
2 485,94
3447 躁
5 63,0,0,0,44
3448 噪
5 0,0,0,0,44
3449 造
3 120,184,0
3450 皂
2 11,476
3451 灶
2 109,3
3452 燥
5 109,0,0,0,44
3453 責
2 154,71
3454 擇
4 6,67,3,277
3455 則
2 71,99
3456 澤
4 59,67,3,277
3457 賊
3 71,174,54
3458 怎
2 544,28
3459 增
4 3,91,189,16
3460 憎
4 58,91,189,16
3461 曾
3 91,189,16
3462 贈
4 71,91,189,16
3463 紮
3 44,379,148
3464 喳
4 0,44,39,70
3465 渣
4 59,44,39,70
3466 劄
5 61,101,70,0,99
3467 軋
2 113,379
3468 鍘
3 95,71,99
3469 閘
2 136,398
3470 眨
2 175,144
3471 柵
2 44,187
3472 榨
3 44,141,544
3473 咋
2 0,544
3474 乍
1 544
3475 炸
2 109,544
3476 詐
2 15,544
3477 摘
6 6,9,91,205,54,0
3478 齋
2 395,313
3479 宅
2 34,196
3480 窄
2 141,544
3481 債
3 36,154,71
3482 寨
2 371,44
3483 瞻
5 175,279,41,152,147
3484 氈
4 125,39,70,374
3485 詹
4 279,41,152,147
3486 粘
3 180,268,0
3487 沾
3 59,268,0
3488 盞
3 174,174,32
3489 斬
2 113,179
3490 輾
4 113,188,105,467
3491 嶄
3 12,113,179
3492 展
3 188,105,467
3493 蘸
4 7,242,253,53
3494 棧
3 44,174,174
3495 占
2 268,0
3496 戰
4 0,0,200,174
3497 站
3 40,268,0
3498 湛
4 59,422,423,152
3499 綻
3 87,34,229
3500 樟
4 44,40,39,54
3501 章
3 40,39,54
3502 彰
4 40,39,54,153
3503 漳
4 59,40,39,54
3504 張
2 165,206
3505 掌
4 204,205,0,213
3506 漲
3 59,165,206
3507 杖
2 44,545
3508 丈
1 545
3509 帳
2 90,206
3510 賬
2 71,206
3511 仗
2 36,545
3512 脹
2 43,206
3513 瘴
4 14,40,39,54
3514 障
4 1,40,39,54
3515 招
3 6,80,0
3516 昭
3 39,80,0
3517 找
2 6,174
3518 沼
3 59,80,0
3519 趙
4 3,208,204,43
3520 照
4 39,80,0,53
3521 罩
4 67,268,39,54
3522 兆
1 511
3523 肇
3 142,52,126
3524 召
2 80,0
3525 遮
4 120,134,316,53
3526 折
2 6,179
3527 哲
3 6,179,0
3528 蟄
4 3,277,302,94
3529 轍
5 113,9,4,43,52
3530 者
2 250,39
3531 鍺
3 95,250,39
3532 蔗
4 7,134,316,53
3533 這
2 120,147
3534 浙
3 59,6,179
3535 珍
3 75,101,153
3536 斟
4 422,423,152,310
3537 真
3 54,255,31
3538 甄
3 523,3,273
3539 砧
3 22,268,0
3540 臻
3 293,92,20
3541 貞
2 268,71
3542 針
2 95,54
3543 偵
3 36,268,71
3544 枕
2 44,216
3545 疹
3 14,101,153
3546 診
3 15,101,153
3547 震
2 65,214
3548 振
2 6,214
3549 鎮
4 95,54,255,31
3550 陣
2 1,113
3551 蒸
4 7,546,70,53
3552 掙
3 6,26,414
3553 睜
3 175,26,414
3554 征
3 127,70,156
3555 猙
3 114,26,414
3556 爭
2 26,414
3557 怔
3 58,70,156
3558 整
4 426,52,70,156
3559 拯
3 6,546,70
3560 正
2 70,156
3561 政
3 70,156,52
3562 幀
3 90,268,71
3563 症
3 14,70,156
3564 鄭
4 91,242,37,88
3565 證
3 15,164,13
3566 芝
2 7,547
3567 枝
2 44,238
3568 支
1 238
3569 吱
2 0,238
3570 蜘
3 94,5,0
3571 知
2 5,0
3572 肢
2 43,238
3573 脂
3 43,23,39
3574 汁
2 59,54
3575 之
1 547
3576 織
4 87,40,39,174
3577 職
4 233,40,39,174
3578 直
2 54,255
3579 植
3 44,54,255
3580 殖
3 132,54,255
3581 執
3 3,277,302
3582 值
3 36,54,255
3583 侄
2 36,293
3584 址
2 3,156
3585 指
3 6,23,39
3586 止
1 156
3587 趾
2 63,156
3588 只
2 0,31
3589 旨
2 23,39
3590 紙
2 87,297
3591 志
2 50,28
3592 摯
4 3,277,302,213
3593 擲
5 6,91,242,37,88
3594 至
1 293
3595 致
2 293,29
3596 置
3 67,54,255
3597 幟
4 90,40,39,174
3598 峙
3 12,50,89
3599 制
2 212,99
3600 智
3 5,0,39
3601 秩
2 20,304
3602 稚
2 20,253
3603 質
3 179,179,71
3604 炙
2 171,109
3605 痔
3 14,50,89
3606 滯
4 59,285,27,90
3607 治
3 59,4,0
3608 窒
2 141,293
3609 中
1 240
3610 盅
2 240,32
3611 忠
2 240,28
3612 鐘
3 95,40,201
3613 衷
3 9,10,240
3614 終
3 87,258,307
3615 種
2 20,308
3616 腫
2 43,308
3617 重
1 308
3618 仲
2 36,240
3619 眾
4 67,36,19,19
3620 舟
1 78
3621 周
3 245,3,0
3622 州
1 243
3623 洲
2 59,243
3624 謅
5 15,17,252,17,252
3625 粥
3 165,180,165
3626 軸
2 113,225
3627 肘
2 43,89
3628 帚
3 341,27,90
3629 咒
3 0,0,45
3630 皺
5 17,252,17,252,115
3631 宙
2 34,225
3632 晝
3 383,39,70
3633 驟
6 167,233,79,36,19,19
3634 珠
2 75,498
3635 株
2 44,498
3636 蛛
2 94,498
3637 朱
1 498
3638 豬
3 373,250,39
3639 諸
3 15,250,39
3640 誅
2 15,498
3641 逐
2 120,373
3642 竹
1 548
3643 燭
4 109,67,17,94
3644 煮
3 250,39,53
3645 拄
2 6,514
3646 矚
6 175,188,231,67,17,94
3647 囑
6 0,188,231,67,17,94
3648 主
1 514
3649 著
3 7,250,39
3650 柱
2 44,514
3651 助
2 251,86
3652 蛀
2 94,514
3653 貯
3 71,34,284
3654 鑄
7 95,3,244,195,70,0,89
3655 築
4 61,195,327,44
3656 住
2 36,514
3657 注
2 59,514
3658 祝
3 294,0,152
3659 駐
2 167,514
3660 抓
2 6,470
3661 爪
1 470
3662 拽
2 6,534
3663 專
2 262,89
3664 磚
3 22,262,89
3665 轉
3 113,262,89
3666 撰
5 6,96,96,105,31
3667 賺
3 71,30,401
3668 篆
3 61,97,261
3669 樁
3 44,92,191
3670 莊
3 7,182,50
3671 裝
4 182,50,9,10
3672 妝
2 182,21
3673 撞
3 6,40,201
3674 壯
2 182,50
3675 狀
2 182,248
3676 椎
2 44,253
3677 錐
2 95,253
3678 追
2 120,169
3679 贅
4 50,51,52,71
3680 墜
3 1,319,3
3681 綴
5 87,79,79,79,79
3682 諄
4 15,9,0,166
3683 准
2 159,253
3684 捉
3 6,0,208
3685 拙
3 6,249,104
3686 卓
3 268,39,54
3687 桌
3 268,39,44
3688 琢
2 75,549
3689 茁
3 7,249,104
3690 酌
2 242,107
3691 啄
2 0,549
3692 灼
2 109,107
3693 濁
4 59,67,17,94
3694 茲
3 7,270,270
3695 咨
3 269,265,0
3696 資
3 269,265,71
3697 姿
3 269,265,21
3698 滋
4 59,30,270,270
3699 淄
3 59,210,122
3700 孜
2 166,52
3701 紫
3 156,23,148
3702 仔
2 36,166
3703 籽
2 180,166
3704 滓
3 59,34,84
3705 子
1 166
3706 自
1 140
3707 漬
3 59,154,71
3708 字
2 34,166
3709 鬃
4 503,153,34,150
3710 棕
3 44,34,150
3711 蹤
5 63,127,19,19,208
3712 宗
2 34,150
3713 綜
3 87,34,150
3714 總
2 87,274
3715 縱
5 87,127,19,19,208
3716 鄒
5 17,252,17,252,88
3717 走
2 3,208
3718 奏
3 92,70,37
3719 揍
4 6,92,70,37
3720 租
2 20,251
3721 足
2 0,208
3722 卒
4 9,19,19,54
3723 族
3 51,103,5
3724 祖
2 294,251
3725 詛
2 15,251
3726 阻
2 1,251
3727 組
2 87,251
3728 讚
6 147,184,152,184,152,71
3729 纂
4 61,175,37,148
3730 嘴
4 0,156,23,257
3731 醉
5 242,9,19,19,54
3732 最
3 281,233,79
3733 罪
2 67,111
3734 尊
3 91,242,89
3735 遵
4 120,91,242,89
3736 昨
2 39,544
3737 左
2 170,195
3738 佐
3 36,170,195
3739 柞
2 44,544
3740 做
4 36,54,0,52
3741 作
2 36,544
3742 坐
1 282
3743 座
2 134,282
3744 別
3 0,454,99
3745 捌
4 6,0,454,99
3746 報
4 3,277,47,79
3747 服
3 66,47,79
3748 備
3 36,550,118
3749 憊
4 36,550,118,28
