1
137
178
2257
268
3208
418
71
10
139
1784
2274
27
3221
421
729
1011
1390
1788
228
2703
3234
429
73
1018
1398
1806
2285
2713
325
430
732
102
142
1807
2293
2715
3268
447
738
1022
1420
181
230
272
327
45
743
1037
143
1813
232
2742
328
453
753
1041
1463
182
2342
28
3280
459
756
1047
1480
183
2348
2806
3287
461
762
1059
1492
1844
235
2808
329
465
780
1064
1496
1848
2351
281
3293
469
782
1116
1511
185
2353
2821
3301
479
784
1117
1516
1858
2359
2851
335
488
796
1118
152
1881
2363
286
3373
49
83
1120
1534
19
2368
2867
3381
490
837
1125
155
1907
2388
2870
340
493
839
1145
1569
1909
241
2877
3402
500
847
1147
1570
1910
242
2896
341
502
852
1164
158
1915
2435
2898
342
510
861
1170
1581
1923
2436
29
3441
52
876
1177
1583
1940
2449
290
3458
523
880
1179
1584
1947
2459
2904
3484
531
883
1185
159
1948
246
2938
349
534
888
119
16
1959
2470
295
3507
535
889
1191
1600
1974
248
2959
351
536
892
1192
1617
1983
2499
2960
352
542
895
1197
1626
1999
250
2980
3551
553
896
1199
1627
2
2502
2984
3566
555
903
1207
1643
2005
2518
300
357
565
906
1217
1650
2017
2527
301
363
572
907
124
1653
2022
253
3020
3630
582
910
1245
1664
204
2535
3036
3642
588
914
1263
1670
2056
2536
3061
366
589
921
1276
1690
2075
254
3082
367
60
935
128
170
2081
2563
309
3688
604
94
1281
1702
2086
2566
3103
369
609
948
1285
1712
211
2568
3105
3748
610
960
129
172
2121
2593
311
375
626
989
13
1720
2124
26
3126
378
63
99
1301
1727
2151
2619
314
379
635
997
1308
173
2162
262
3144
382
640
1327
1735
2167
263
316
385
650
1342
1768
2183
2633
3180
387
664
1349
177
22
2656
3188
394
670
136
1771
2206
266
32
402
694
1365
1772
2251
2673
3205
412
699