1 4 0 0 3 125 133 148 1 1 133 57 128 371 2 2 242 78 254 371 3 0 257 174 119 120
2 3 0 1 47 67 145 365 1 2 176 97 298 369 2 0 197 186 124 126
3 3 0 3 33 53 175 323 1 4 211 38 216 163 2 5 169 191 308 272
4 3 0 6 21 36 184 426 1 4 204 39 213 172 2 5 169 197 282 255
5 3 0 0 18 155 155 150 1 7 160 45 298 171 2 8 109 218 379 250
3700 3 0 166 13 33 197 443 1 52 214 6 253 258 2 0 141 121 346 357
3701 4 0 156 37 8 245 212 1 23 244 1 237 223 2 148 74 171 355 206 3 0 15 336 443 155
3700 2 0 166 21 24 221 445 1 52 104 8 382 473
3701 4 0 156 34 5 239 226 1 23 255 4 212 219 2 148 68 202 357 164 3 0 13 339 433 144
3702 3 0 36 5 10 183 480 1 166 167 31 279 130 2 0 137 135 355 343
3703 1 0 180 6 6 234 488
3700 3 0 166 97 99 94 157 1 52 197 149 136 113 2 0 171 324 103 99
3700 3 0 166 87 74 185 233 1 52 279 134 143 237 2 0 100 349 171 95
3700 3 0 166 140 117 125 198 1 52 285 153 83 167 2 0 57 379 259 -261
3700 3 0 166 62 58 114 320 1 52 186 57 209 131 2 0 56 155 404 273
3700 3 0 166 12 25 187 444 1 52 206 27 267 279 2 0 108 126 379 354
3701 4 0 156 38 20 243 188 1 23 257 13 220 206 2 148 95 173 310 206 3 0 32 346 424 147
3700 3 0 166 14 26 177 461 1 52 175 17 309 279 2 0 177 154 282 325
3701 4 0 156 30 1 236 214 1 23 276 25 195 210 2 148 122 183 264 176 3 0 69 323 374 151
3702 3 0 36 83 92 164 256 1 166 172 110 147 106 2 0 137 199 334 281
3700 3 0 166 55 86 187 404 1 52 179 64 166 205 2 0 397 400 -200 -185
3701 4 0 156 146 108 158 199 1 23 249 87 119 155 2 148 76 202 246 198 3 0 335 171 -156 162
3000 3 0 250 107 97 223 105 1 166 165 263 210 175 2 0 192 183 177 136
3001 3 0 44 174 96 140 176 1 9 153 327 176 -221 2 69 395 328 -215 51
